0	580	8
1	580	1
2	580	7
3	580	22
4	580	2
5	580	52
6	580	3
7	580	16
8	580	7
9	580	13

0	510	33
1	510	47
2	510	43
3	510	25
4	510	11
5	510	32
6	510	12
7	510	27
8	510	14
9	510	8

0	597	50
1	597	23
2	597	8
3	597	5
4	597	45
5	597	25
6	597	6
7	597	48
8	597	16
9	597	6

0	601	44
1	601	31
2	601	28
3	601	9
4	601	51
5	601	17
6	601	43
7	601	0
8	601	9
9	601	37

0	602	30
1	602	33
2	602	6
3	602	3
4	602	39
5	602	26
6	602	21
7	602	2
8	602	23
9	602	7

0	605	19
1	605	40
2	605	4
3	605	28
4	605	18
5	605	53
6	605	9
7	605	3
8	605	25
9	605	24

0	514	13
1	514	21
2	514	40
3	514	11
4	514	13
5	514	18
6	514	47
7	514	47
8	514	1
9	514	38

0	579	32
1	579	49
2	579	42
3	579	19
4	579	5
5	579	4
6	579	44
7	579	42
8	579	19
9	579	35

0	586	40
1	586	9
2	586	44
3	586	15
4	586	24
5	586	46
6	586	16
7	586	43
8	586	21
9	586	19

0	570	52
1	570	41
2	570	10
3	570	25
4	570	29
5	570	25
6	570	28
7	570	17
8	570	9
9	570	32

0	585	1
1	585	25
2	585	15
3	585	40
4	585	20
5	585	47
6	585	0
7	585	10
8	585	33
9	585	47

0	557	2
1	557	44
2	557	35
3	557	53
4	557	34
5	557	48
6	557	18
7	557	36
8	557	37
9	557	51

0	525	46
1	525	50
2	525	33
3	525	12
4	525	7
5	525	50
6	525	8
7	525	48
8	525	45
9	525	43

0	556	26
1	556	29
2	556	25
3	556	32
4	556	38
5	556	46
6	556	49
7	556	46
8	556	17
9	556	50

0	538	32
1	538	45
2	538	17
3	538	18
4	538	15
5	538	16
6	538	41
7	538	34
8	538	6
9	538	36

0	578	21
1	578	2
2	578	52
3	578	26
4	578	51
5	578	34
6	578	7
7	578	0
8	578	7
9	578	52

0	542	33
1	542	32
2	542	13
3	542	42
4	542	48
5	542	32
6	542	3
7	542	50
8	542	44
9	542	28

0	573	27
1	573	51
2	573	9
3	573	30
4	573	36
5	573	24
6	573	20
7	573	35
8	573	24
9	573	21

0	436	7
1	436	26
2	436	50
3	436	28
4	436	52
5	436	31
6	436	30
7	436	32
8	436	14
9	436	24

0	508	22
1	508	24
2	508	21
3	508	11
4	508	8
5	508	35
6	508	16
7	508	45
8	508	36
9	508	19

0	516	4
1	516	44
2	516	42
3	516	25
4	516	11
5	516	47
6	516	44
7	516	39
8	516	20
9	516	38

0	157	13
1	157	39
2	157	38
3	157	5
4	157	46
5	157	29
6	157	0
7	157	52
8	157	47
9	157	27

0	144	43
1	144	44
2	144	39
3	144	26
4	144	38
5	144	5
6	144	25
7	144	26
8	144	27
9	144	20

0	189	34
1	189	49
2	189	4
3	189	48
4	189	25
5	189	0
6	189	34
7	189	42
8	189	45
9	189	29

0	94	39
1	94	40
2	94	0
3	94	48
4	94	47
5	94	2
6	94	38
7	94	25
8	94	50
9	94	42

0	180	35
1	180	0
2	180	6
3	180	0
4	180	21
5	180	8
6	180	19
7	180	14
8	180	39
9	180	9

0	181	36
1	181	4
2	181	45
3	181	4
4	181	27
5	181	46
6	181	28
7	181	25
8	181	42
9	181	21

0	16	53
1	16	9
2	16	1
3	16	4
4	16	9
5	16	33
6	16	49
7	16	42
8	16	39
9	16	52

0	75	1
1	75	4
2	75	48
3	75	2
4	75	39
5	75	47
6	75	5
7	75	2
8	75	6
9	75	37

0	8	18
1	8	53
2	8	27
3	8	29
4	8	51
5	8	35
6	8	53
7	8	51
8	8	9
9	8	51

0	7	43
1	7	30
2	7	34
3	7	19
4	7	45
5	7	2
6	7	38
7	7	40
8	7	11
9	7	28

0	550	46
1	550	28
2	550	41
3	550	23
4	550	53
5	550	19
6	550	45
7	550	41
8	550	52
9	550	22

0	83	40
1	83	43
2	83	21
3	83	38
4	83	41
5	83	41
6	83	33
7	83	39
8	83	31
9	83	39

0	84	48
1	84	41
2	84	12
3	84	28
4	84	42
5	84	53
6	84	39
7	84	20
8	84	45
9	84	50

0	20	47
1	20	8
2	20	36
3	20	48
4	20	3
5	20	1
6	20	40
7	20	0
8	20	34
9	20	35

0	445	32
1	445	28
2	445	38
3	445	0
4	445	24
5	445	34
6	445	9
7	445	6
8	445	19
9	445	19

0	475	41
1	475	7
2	475	52
3	475	12
4	475	46
5	475	9
6	475	33
7	475	39
8	475	25
9	475	3

0	4	43
1	4	6
2	4	37
3	4	16
4	4	14
5	4	32
6	4	2
7	4	51
8	4	45
9	4	25

0	125	25
1	125	45
2	125	53
3	125	5
4	125	20
5	125	4
6	125	44
7	125	2
8	125	43
9	125	47

0	135	15
1	135	19
2	135	12
3	135	22
4	135	41
5	135	46
6	135	47
7	135	12
8	135	44
9	135	39

0	330	47
1	330	12
2	330	23
3	330	29
4	330	33
5	330	19
6	330	10
7	330	42
8	330	24
9	330	35

0	413	43
1	413	8
2	413	31
3	413	52
4	413	4
5	413	53
6	413	48
7	413	29
8	413	4
9	413	28

0	267	38
1	267	26
2	267	44
3	267	45
4	267	16
5	267	10
6	267	15
7	267	10
8	267	27
9	267	24

0	112	11
1	112	27
2	112	30
3	112	29
4	112	14
5	112	13
6	112	6
7	112	36
8	112	6
9	112	37

0	113	33
1	113	38
2	113	53
3	113	27
4	113	51
5	113	4
6	113	51
7	113	1
8	113	0
9	113	46

0	114	47
1	114	33
2	114	36
3	114	34
4	114	9
5	114	48
6	114	48
7	114	19
8	114	30
9	114	28

0	432	16
1	432	39
2	432	26
3	432	9
4	432	2
5	432	26
6	432	50
7	432	2
8	432	22
9	432	1

0	363	51
1	363	11
2	363	16
3	363	6
4	363	29
5	363	4
6	363	16
7	363	0
8	363	4
9	363	48

0	406	46
1	406	51
2	406	30
3	406	29
4	406	39
5	406	48
6	406	9
7	406	12
8	406	16
9	406	19

0	155	29
1	155	7
2	155	38
3	155	2
4	155	5
5	155	29
6	155	52
7	155	7
8	155	52
9	155	4

0	294	44
1	294	48
2	294	45
3	294	50
4	294	34
5	294	36
6	294	13
7	294	52
8	294	42
9	294	26

0	439	42
1	439	40
2	439	9
3	439	3
4	439	43
5	439	32
6	439	30
7	439	49
8	439	49
9	439	44

0	322	22
1	322	17
2	322	53
3	322	37
4	322	41
5	322	24
6	322	14
7	322	36
8	322	8
9	322	6

0	540	28
1	540	24
2	540	48
3	540	14
4	540	35
5	540	7
6	540	51
7	540	11
8	540	39
9	540	42

0	488	15
1	488	4
2	488	30
3	488	8
4	488	3
5	488	5
6	488	42
7	488	12
8	488	44
9	488	37

0	489	43
1	489	22
2	489	20
3	489	30
4	489	30
5	489	41
6	489	19
7	489	35
8	489	27
9	489	2

0	347	25
1	347	16
2	347	45
3	347	23
4	347	12
5	347	12
6	347	37
7	347	16
8	347	12
9	347	13

0	448	18
1	448	20
2	448	1
3	448	40
4	448	39
5	448	51
6	448	27
7	448	51
8	448	25
9	448	10

0	295	8
1	295	4
2	295	43
3	295	37
4	295	38
5	295	42
6	295	46
7	295	13
8	295	36
9	295	50

0	339	10
1	339	53
2	339	40
3	339	12
4	339	2
5	339	32
6	339	4
7	339	44
8	339	7
9	339	45

0	447	7
1	447	42
2	447	18
3	447	53
4	447	53
5	447	39
6	447	12
7	447	3
8	447	47
9	447	30

0	449	17
1	449	17
2	449	42
3	449	7
4	449	6
5	449	46
6	449	35
7	449	52
8	449	34
9	449	46

0	292	2
1	292	38
2	292	16
3	292	9
4	292	52
5	292	29
6	292	0
7	292	0
8	292	41
9	292	14

0	262	27
1	262	37
2	262	35
3	262	49
4	262	51
5	262	16
6	262	34
7	262	41
8	262	50
9	262	17

0	321	45
1	321	27
2	321	24
3	321	30
4	321	6
5	321	7
6	321	35
7	321	16
8	321	51
9	321	1

0	277	9
1	277	22
2	277	33
3	277	36
4	277	15
5	277	22
6	277	6
7	277	32
8	277	29
9	277	47

0	207	48
1	207	47
2	207	26
3	207	28
4	207	13
5	207	34
6	207	17
7	207	20
8	207	23
9	207	12

0	271	24
1	271	5
2	271	17
3	271	45
4	271	27
5	271	25
6	271	29
7	271	33
8	271	38
9	271	43

0	172	5
1	172	44
2	172	51
3	172	10
4	172	46
5	172	47
6	172	0
7	172	32
8	172	0
9	172	8

0	314	11
1	314	17
2	314	22
3	314	16
4	314	48
5	314	31
6	314	21
7	314	18
8	314	25
9	314	49

0	127	4
1	127	20
2	127	2
3	127	35
4	127	7
5	127	33
6	127	32
7	127	40
8	127	28
9	127	11

0	250	51
1	250	7
2	250	15
3	250	27
4	250	28
5	250	30
6	250	27
7	250	46
8	250	42
9	250	42

0	296	34
1	296	28
2	296	47
3	296	32
4	296	5
5	296	21
6	296	38
7	296	2
8	296	43
9	296	45

0	380	7
1	380	36
2	380	53
3	380	1
4	380	52
5	380	40
6	380	7
7	380	15
8	380	14
9	380	41

0	288	43
1	288	3
2	288	14
3	288	12
4	288	18
5	288	15
6	288	2
7	288	13
8	288	36
9	288	9

0	286	39
1	286	39
2	286	18
3	286	42
4	286	37
5	286	39
6	286	50
7	286	41
8	286	53
9	286	34

0	279	43
1	279	46
2	279	33
3	279	51
4	279	51
5	279	28
6	279	44
7	279	18
8	279	47
9	279	24

0	285	48
1	285	28
2	285	45
3	285	31
4	285	39
5	285	7
6	285	48
7	285	50
8	285	3
9	285	16

0	6	37
1	6	9
2	6	38
3	6	27
4	6	39
5	6	52
6	6	24
7	6	39
8	6	1
9	6	34

0	9	10
1	9	30
2	9	28
3	9	51
4	9	9
5	9	3
6	9	11
7	9	0
8	9	50
9	9	32

0	47	40
1	47	7
2	47	21
3	47	7
4	47	34
5	47	11
6	47	34
7	47	8
8	47	49
9	47	12

0	0	23
1	0	46
2	0	52
3	0	40
4	0	20
5	0	5
6	0	52
7	0	11
8	0	2
9	0	1

0	1	20
1	1	10
2	1	1
3	1	48
4	1	32
5	1	32
6	1	38
7	1	46
8	1	1
9	1	23

0	2	24
1	2	41
2	2	6
3	2	2
4	2	9
5	2	36
6	2	15
7	2	53
8	2	31
9	2	27

0	419	53
1	419	30
2	419	46
3	419	48
4	419	29
5	419	22
6	419	20
7	419	52
8	419	42
9	419	38

0	576	34
1	576	41
2	576	27
3	576	44
4	576	8
5	576	6
6	576	33
7	576	38
8	576	49
9	576	53

0	574	25
1	574	6
2	574	51
3	574	45
4	574	26
5	574	1
6	574	23
7	574	34
8	574	18
9	574	11

0	490	32
1	490	39
2	490	42
3	490	21
4	490	45
5	490	19
6	490	49
7	490	36
8	490	3
9	490	35

0	392	22
1	392	18
2	392	47
3	392	28
4	392	49
5	392	39
6	392	22
7	392	47
8	392	38
9	392	9

0	455	19
1	455	34
2	455	2
3	455	16
4	455	18
5	455	0
6	455	53
7	455	37
8	455	30
9	455	10

0	393	5
1	393	47
2	393	15
3	393	20
4	393	42
5	393	4
6	393	26
7	393	3
8	393	24
9	393	32

0	443	41
1	443	35
2	443	34
3	443	52
4	443	39
5	443	25
6	443	14
7	443	13
8	443	21
9	443	14

0	423	10
1	423	42
2	423	39
3	423	51
4	423	9
5	423	34
6	423	52
7	423	7
8	423	44
9	423	31

0	104	19
1	104	50
2	104	42
3	104	13
4	104	14
5	104	30
6	104	26
7	104	24
8	104	29
9	104	52

0	31	40
1	31	3
2	31	43
3	31	8
4	31	43
5	31	22
6	31	14
7	31	19
8	31	1
9	31	49

0	91	39
1	91	8
2	91	52
3	91	4
4	91	3
5	91	16
6	91	3
7	91	9
8	91	29
9	91	12

0	433	40
1	433	19
2	433	0
3	433	31
4	433	19
5	433	8
6	433	36
7	433	39
8	433	13
9	433	33

0	141	37
1	141	18
2	141	7
3	141	13
4	141	34
5	141	22
6	141	49
7	141	2
8	141	15
9	141	36

0	76	38
1	76	38
2	76	16
3	76	47
4	76	43
5	76	50
6	76	53
7	76	22
8	76	39
9	76	53

0	14	34
1	14	14
2	14	43
3	14	48
4	14	25
5	14	22
6	14	6
7	14	5
8	14	48
9	14	0

0	128	5
1	128	45
2	128	36
3	128	3
4	128	19
5	128	15
6	128	37
7	128	52
8	128	5
9	128	36

0	162	18
1	162	29
2	162	23
3	162	35
4	162	33
5	162	46
6	162	49
7	162	15
8	162	51
9	162	32

0	559	26
1	559	15
2	559	49
3	559	38
4	559	23
5	559	9
6	559	25
7	559	49
8	559	13
9	559	39

0	379	44
1	379	11
2	379	18
3	379	47
4	379	17
5	379	18
6	379	23
7	379	34
8	379	35
9	379	48

0	85	24
1	85	43
2	85	21
3	85	44
4	85	50
5	85	5
6	85	7
7	85	44
8	85	23
9	85	29

0	251	9
1	251	24
2	251	51
3	251	39
4	251	1
5	251	16
6	251	43
7	251	31
8	251	10
9	251	47

0	137	45
1	137	3
2	137	35
3	137	15
4	137	20
5	137	51
6	137	32
7	137	11
8	137	34
9	137	45

0	323	49
1	323	13
2	323	43
3	323	0
4	323	9
5	323	26
6	323	30
7	323	15
8	323	8
9	323	35

0	39	52
1	39	16
2	39	26
3	39	46
4	39	20
5	39	34
6	39	28
7	39	5
8	39	51
9	39	21

0	175	10
1	175	45
2	175	53
3	175	27
4	175	49
5	175	9
6	175	19
7	175	37
8	175	49
9	175	25

0	126	53
1	126	50
2	126	11
3	126	8
4	126	24
5	126	50
6	126	12
7	126	8
8	126	41
9	126	36

0	247	44
1	247	53
2	247	17
3	247	17
4	247	21
5	247	51
6	247	21
7	247	47
8	247	36
9	247	40

0	424	41
1	424	33
2	424	13
3	424	34
4	424	32
5	424	30
6	424	7
7	424	32
8	424	8
9	424	42

0	440	31
1	440	14
2	440	34
3	440	9
4	440	18
5	440	37
6	440	34
7	440	2
8	440	52
9	440	47

0	388	21
1	388	34
2	388	51
3	388	36
4	388	13
5	388	23
6	388	3
7	388	46
8	388	1
9	388	38

0	408	47
1	408	40
2	408	22
3	408	15
4	408	20
5	408	27
6	408	36
7	408	7
8	408	2
9	408	44

0	409	20
1	409	21
2	409	31
3	409	8
4	409	8
5	409	52
6	409	25
7	409	24
8	409	4
9	409	20

0	311	39
1	311	37
2	311	40
3	311	25
4	311	37
5	311	46
6	311	35
7	311	35
8	311	36
9	311	37

0	40	2
1	40	43
2	40	45
3	40	41
4	40	40
5	40	50
6	40	41
7	40	44
8	40	9
9	40	25

0	145	46
1	145	20
2	145	32
3	145	12
4	145	13
5	145	44
6	145	47
7	145	28
8	145	36
9	145	49

0	156	30
1	156	7
2	156	4
3	156	11
4	156	2
5	156	27
6	156	38
7	156	32
8	156	41
9	156	14

0	255	40
1	255	44
2	255	52
3	255	29
4	255	10
5	255	43
6	255	31
7	255	7
8	255	18
9	255	23

0	336	10
1	336	12
2	336	48
3	336	10
4	336	48
5	336	34
6	336	32
7	336	15
8	336	37
9	336	29

0	146	9
1	146	22
2	146	3
3	146	49
4	146	0
5	146	45
6	146	34
7	146	45
8	146	32
9	146	30

0	265	48
1	265	53
2	265	36
3	265	34
4	265	51
5	265	7
6	265	36
7	265	0
8	265	39
9	265	43

0	151	49
1	151	39
2	151	20
3	151	44
4	151	16
5	151	20
6	151	33
7	151	21
8	151	30
9	151	38

0	119	34
1	119	9
2	119	16
3	119	15
4	119	3
5	119	3
6	119	25
7	119	46
8	119	33
9	119	42

0	425	28
1	425	33
2	425	52
3	425	17
4	425	18
5	425	41
6	425	5
7	425	0
8	425	10
9	425	49

0	426	8
1	426	48
2	426	50
3	426	35
4	426	4
5	426	27
6	426	2
7	426	10
8	426	16
9	426	37

0	529	1
1	529	50
2	529	21
3	529	11
4	529	0
5	529	45
6	529	38
7	529	29
8	529	34
9	529	52

0	590	10
1	590	5
2	590	24
3	590	32
4	590	37
5	590	0
6	590	2
7	590	46
8	590	11
9	590	44

0	241	29
1	241	53
2	241	12
3	241	6
4	241	21
5	241	36
6	241	21
7	241	25
8	241	31
9	241	53

0	498	28
1	498	2
2	498	26
3	498	27
4	498	38
5	498	37
6	498	33
7	498	6
8	498	31
9	498	18

0	480	4
1	480	39
2	480	24
3	480	21
4	480	1
5	480	28
6	480	32
7	480	41
8	480	40
9	480	1

0	370	51
1	370	48
2	370	22
3	370	14
4	370	17
5	370	41
6	370	53
7	370	31
8	370	46
9	370	32

0	507	46
1	507	42
2	507	43
3	507	42
4	507	19
5	507	19
6	507	50
7	507	37
8	507	29
9	507	23

0	518	17
1	518	5
2	518	18
3	518	52
4	518	50
5	518	50
6	518	12
7	518	26
8	518	34
9	518	17

0	312	42
1	312	17
2	312	35
3	312	42
4	312	49
5	312	43
6	312	52
7	312	35
8	312	36
9	312	0

0	565	4
1	565	17
2	565	19
3	565	45
4	565	23
5	565	40
6	565	48
7	565	7
8	565	15
9	565	20

0	560	26
1	560	52
2	560	34
3	560	49
4	560	1
5	560	1
6	560	42
7	560	1
8	560	36
9	560	1

0	567	14
1	567	35
2	567	36
3	567	47
4	567	46
5	567	29
6	567	31
7	567	27
8	567	3
9	567	33

0	457	50
1	457	43
2	457	11
3	457	21
4	457	42
5	457	5
6	457	10
7	457	50
8	457	42
9	457	49

0	275	41
1	275	32
2	275	27
3	275	16
4	275	31
5	275	12
6	275	40
7	275	45
8	275	48
9	275	48

0	472	33
1	472	19
2	472	7
3	472	43
4	472	36
5	472	45
6	472	24
7	472	1
8	472	39
9	472	22

0	452	35
1	452	0
2	452	33
3	452	51
4	452	10
5	452	16
6	452	38
7	452	18
8	452	6
9	452	6

0	484	32
1	484	9
2	484	24
3	484	24
4	484	7
5	484	33
6	484	36
7	484	31
8	484	47
9	484	0

0	463	42
1	463	11
2	463	6
3	463	32
4	463	29
5	463	1
6	463	39
7	463	44
8	463	11
9	463	16

0	238	48
1	238	52
2	238	28
3	238	2
4	238	21
5	238	37
6	238	50
7	238	12
8	238	5
9	238	28

0	450	3
1	450	36
2	450	22
3	450	6
4	450	15
5	450	22
6	450	6
7	450	34
8	450	36
9	450	41

0	394	0
1	394	3
2	394	42
3	394	35
4	394	5
5	394	36
6	394	23
7	394	17
8	394	1
9	394	32

0	491	5
1	491	33
2	491	38
3	491	39
4	491	35
5	491	20
6	491	15
7	491	24
8	491	46
9	491	31

0	513	36
1	513	39
2	513	19
3	513	33
4	513	23
5	513	3
6	513	33
7	513	19
8	513	14
9	513	7

0	470	47
1	470	10
2	470	37
3	470	13
4	470	37
5	470	42
6	470	51
7	470	53
8	470	40
9	470	25

0	435	15
1	435	17
2	435	2
3	435	3
4	435	45
5	435	21
6	435	46
7	435	5
8	435	16
9	435	38

0	505	28
1	505	27
2	505	30
3	505	37
4	505	12
5	505	35
6	505	11
7	505	49
8	505	30
9	505	1

0	441	17
1	441	17
2	441	44
3	441	12
4	441	26
5	441	52
6	441	9
7	441	21
8	441	46
9	441	19

0	203	22
1	203	9
2	203	45
3	203	14
4	203	13
5	203	16
6	203	6
7	203	20
8	203	17
9	203	18

0	142	1
1	142	40
2	142	32
3	142	18
4	142	43
5	142	14
6	142	12
7	142	18
8	142	10
9	142	40

0	165	10
1	165	49
2	165	16
3	165	2
4	165	1
5	165	31
6	165	20
7	165	11
8	165	23
9	165	43

0	140	36
1	140	53
2	140	39
3	140	26
4	140	35
5	140	28
6	140	36
7	140	27
8	140	18
9	140	49

0	77	19
1	77	22
2	77	34
3	77	22
4	77	23
5	77	20
6	77	15
7	77	0
8	77	38
9	77	31

0	122	29
1	122	26
2	122	30
3	122	34
4	122	21
5	122	41
6	122	47
7	122	15
8	122	28
9	122	35

0	215	38
1	215	6
2	215	6
3	215	30
4	215	38
5	215	0
6	215	53
7	215	44
8	215	19
9	215	10

0	105	5
1	105	18
2	105	12
3	105	40
4	105	8
5	105	24
6	105	51
7	105	47
8	105	13
9	105	7

0	403	6
1	403	29
2	403	11
3	403	34
4	403	10
5	403	46
6	403	10
7	403	7
8	403	7
9	403	10

0	404	14
1	404	49
2	404	32
3	404	47
4	404	45
5	404	52
6	404	32
7	404	9
8	404	18
9	404	14

0	528	15
1	528	45
2	528	22
3	528	24
4	528	12
5	528	4
6	528	49
7	528	1
8	528	4
9	528	5

0	266	29
1	266	29
2	266	10
3	266	41
4	266	22
5	266	14
6	266	53
7	266	1
8	266	16
9	266	10

0	478	17
1	478	0
2	478	50
3	478	50
4	478	48
5	478	22
6	478	1
7	478	14
8	478	29
9	478	40

0	444	51
1	444	43
2	444	3
3	444	30
4	444	17
5	444	33
6	444	47
7	444	33
8	444	42
9	444	21

0	428	40
1	428	45
2	428	44
3	428	44
4	428	44
5	428	10
6	428	48
7	428	19
8	428	38
9	428	53

0	434	3
1	434	50
2	434	0
3	434	2
4	434	28
5	434	14
6	434	30
7	434	48
8	434	2
9	434	39

0	459	20
1	459	26
2	459	27
3	459	13
4	459	20
5	459	5
6	459	39
7	459	43
8	459	39
9	459	36

0	382	11
1	382	14
2	382	51
3	382	25
4	382	26
5	382	42
6	382	11
7	382	21
8	382	21
9	382	3

0	458	16
1	458	42
2	458	38
3	458	45
4	458	25
5	458	11
6	458	45
7	458	25
8	458	44
9	458	10

0	100	51
1	100	37
2	100	42
3	100	7
4	100	44
5	100	40
6	100	49
7	100	0
8	100	12
9	100	40

0	101	22
1	101	36
2	101	30
3	101	8
4	101	27
5	101	53
6	101	12
7	101	45
8	101	18
9	101	8

0	168	28
1	168	23
2	168	22
3	168	7
4	168	29
5	168	30
6	168	51
7	168	18
8	168	50
9	168	1

0	3	46
1	3	52
2	3	37
3	3	48
4	3	51
5	3	14
6	3	38
7	3	14
8	3	27
9	3	17

0	185	10
1	185	42
2	185	45
3	185	36
4	185	52
5	185	3
6	185	13
7	185	53
8	185	44
9	185	33

0	310	33
1	310	46
2	310	35
3	310	26
4	310	39
5	310	29
6	310	28
7	310	21
8	310	9
9	310	16

0	316	32
1	316	24
2	316	53
3	316	6
4	316	44
5	316	24
6	316	22
7	316	51
8	316	31
9	316	52

0	272	19
1	272	17
2	272	21
3	272	39
4	272	47
5	272	22
6	272	8
7	272	22
8	272	0
9	272	53

0	219	5
1	219	34
2	219	20
3	219	25
4	219	17
5	219	2
6	219	52
7	219	11
8	219	32
9	219	35

0	243	47
1	243	13
2	243	39
3	243	28
4	243	37
5	243	16
6	243	15
7	243	39
8	243	44
9	243	4

0	209	35
1	209	9
2	209	40
3	209	49
4	209	41
5	209	20
6	209	8
7	209	27
8	209	27
9	209	5

0	152	46
1	152	14
2	152	13
3	152	39
4	152	24
5	152	29
6	152	45
7	152	6
8	152	4
9	152	9

0	153	22
1	153	46
2	153	50
3	153	9
4	153	36
5	153	4
6	153	21
7	153	33
8	153	50
9	153	50

0	121	11
1	121	20
2	121	13
3	121	24
4	121	13
5	121	30
6	121	46
7	121	15
8	121	19
9	121	28

0	193	17
1	193	45
2	193	20
3	193	1
4	193	19
5	193	33
6	193	28
7	193	3
8	193	17
9	193	34

0	22	31
1	22	32
2	22	31
3	22	50
4	22	9
5	22	33
6	22	6
7	22	35
8	22	26
9	22	24

0	211	3
1	211	33
2	211	2
3	211	18
4	211	3
5	211	0
6	211	29
7	211	46
8	211	15
9	211	12

0	299	18
1	299	31
2	299	11
3	299	25
4	299	53
5	299	10
6	299	8
7	299	12
8	299	7
9	299	24

0	216	31
1	216	4
2	216	5
3	216	17
4	216	22
5	216	34
6	216	5
7	216	8
8	216	38
9	216	45

0	301	6
1	301	27
2	301	44
3	301	40
4	301	47
5	301	23
6	301	26
7	301	3
8	301	21
9	301	47

0	221	50
1	221	34
2	221	24
3	221	8
4	221	12
5	221	41
6	221	6
7	221	19
8	221	12
9	221	19

0	182	36
1	182	17
2	182	40
3	182	12
4	182	13
5	182	44
6	182	41
7	182	29
8	182	39
9	182	51

0	603	29
1	603	7
2	603	10
3	603	7
4	603	27
5	603	15
6	603	22
7	603	52
8	603	8
9	603	8

0	575	11
1	575	20
2	575	47
3	575	46
4	575	53
5	575	45
6	575	35
7	575	51
8	575	51
9	575	48

0	273	9
1	273	18
2	273	21
3	273	45
4	273	41
5	273	26
6	273	48
7	273	2
8	273	34
9	273	10

0	520	33
1	520	32
2	520	34
3	520	52
4	520	47
5	520	48
6	520	18
7	520	17
8	520	26
9	520	51

0	437	32
1	437	6
2	437	49
3	437	17
4	437	50
5	437	53
6	437	3
7	437	14
8	437	33
9	437	30

0	358	36
1	358	26
2	358	12
3	358	15
4	358	40
5	358	42
6	358	23
7	358	8
8	358	53
9	358	50

0	60	35
1	60	50
2	60	27
3	60	28
4	60	34
5	60	40
6	60	13
7	60	0
8	60	50
9	60	21

0	205	4
1	205	52
2	205	12
3	205	11
4	205	30
5	205	47
6	205	41
7	205	1
8	205	5
9	205	12

0	61	49
1	61	46
2	61	26
3	61	33
4	61	22
5	61	51
6	61	26
7	61	15
8	61	11
9	61	35

0	226	50
1	226	26
2	226	38
3	226	35
4	226	45
5	226	21
6	226	47
7	226	43
8	226	0
9	226	14

0	429	35
1	429	41
2	429	21
3	429	53
4	429	23
5	429	0
6	429	23
7	429	25
8	429	27
9	429	15

0	224	28
1	224	50
2	224	0
3	224	33
4	224	10
5	224	2
6	224	52
7	224	49
8	224	50
9	224	2

0	522	42
1	522	33
2	522	41
3	522	15
4	522	31
5	522	17
6	522	16
7	522	35
8	522	19
9	522	18

0	506	9
1	506	27
2	506	22
3	506	10
4	506	5
5	506	29
6	506	44
7	506	30
8	506	37
9	506	37

0	481	16
1	481	15
2	481	49
3	481	46
4	481	13
5	481	34
6	481	20
7	481	22
8	481	17
9	481	40

0	504	27
1	504	40
2	504	44
3	504	32
4	504	2
5	504	9
6	504	10
7	504	36
8	504	34
9	504	30

0	494	0
1	494	13
2	494	32
3	494	6
4	494	50
5	494	8
6	494	4
7	494	26
8	494	51
9	494	22

0	468	21
1	468	31
2	468	52
3	468	8
4	468	27
5	468	10
6	468	0
7	468	6
8	468	6
9	468	48

0	300	50
1	300	46
2	300	6
3	300	50
4	300	52
5	300	3
6	300	18
7	300	44
8	300	20
9	300	26

0	227	44
1	227	37
2	227	14
3	227	50
4	227	1
5	227	6
6	227	28
7	227	28
8	227	23
9	227	8

0	208	16
1	208	16
2	208	43
3	208	41
4	208	29
5	208	4
6	208	50
7	208	38
8	208	19
9	208	7

0	212	42
1	212	3
2	212	8
3	212	52
4	212	21
5	212	33
6	212	52
7	212	0
8	212	36
9	212	45

0	186	45
1	186	0
2	186	13
3	186	9
4	186	28
5	186	31
6	186	35
7	186	41
8	186	11
9	186	14

0	324	24
1	324	35
2	324	31
3	324	43
4	324	31
5	324	25
6	324	40
7	324	13
8	324	46
9	324	43

0	349	34
1	349	17
2	349	6
3	349	16
4	349	43
5	349	27
6	349	0
7	349	18
8	349	0
9	349	31

0	232	1
1	232	52
2	232	20
3	232	33
4	232	6
5	232	2
6	232	21
7	232	10
8	232	32
9	232	13

0	187	23
1	187	32
2	187	33
3	187	32
4	187	12
5	187	32
6	187	22
7	187	34
8	187	51
9	187	21

0	206	3
1	206	53
2	206	49
3	206	0
4	206	29
5	206	26
6	206	27
7	206	15
8	206	3
9	206	51

0	41	35
1	41	27
2	41	33
3	41	31
4	41	19
5	41	49
6	41	45
7	41	44
8	41	38
9	41	41

0	258	6
1	258	52
2	258	24
3	258	53
4	258	0
5	258	8
6	258	2
7	258	7
8	258	34
9	258	20

0	183	46
1	183	36
2	183	46
3	183	17
4	183	4
5	183	18
6	183	52
7	183	14
8	183	37
9	183	50

0	123	19
1	123	35
2	123	7
3	123	5
4	123	13
5	123	13
6	123	25
7	123	3
8	123	20
9	123	37

0	325	4
1	325	21
2	325	8
3	325	53
4	325	35
5	325	18
6	325	14
7	325	14
8	325	25
9	325	19

0	184	9
1	184	43
2	184	16
3	184	25
4	184	33
5	184	13
6	184	48
7	184	23
8	184	4
9	184	51

0	107	15
1	107	20
2	107	36
3	107	12
4	107	44
5	107	47
6	107	19
7	107	50
8	107	28
9	107	8

0	108	5
1	108	22
2	108	11
3	108	41
4	108	14
5	108	23
6	108	28
7	108	5
8	108	44
9	108	32

0	129	38
1	129	24
2	129	7
3	129	40
4	129	34
5	129	9
6	129	24
7	129	25
8	129	2
9	129	37

0	202	31
1	202	53
2	202	22
3	202	18
4	202	48
5	202	34
6	202	13
7	202	45
8	202	20
9	202	3

0	222	26
1	222	41
2	222	17
3	222	28
4	222	42
5	222	40
6	222	22
7	222	18
8	222	41
9	222	26

0	411	2
1	411	41
2	411	22
3	411	48
4	411	16
5	411	39
6	411	23
7	411	36
8	411	4
9	411	45

0	190	8
1	190	35
2	190	45
3	190	12
4	190	18
5	190	11
6	190	43
7	190	27
8	190	1
9	190	12

0	276	29
1	276	18
2	276	18
3	276	49
4	276	13
5	276	46
6	276	31
7	276	52
8	276	42
9	276	52

0	287	12
1	287	39
2	287	38
3	287	46
4	287	51
5	287	13
6	287	4
7	287	21
8	287	11
9	287	49

0	68	48
1	68	37
2	68	6
3	68	29
4	68	20
5	68	10
6	68	6
7	68	30
8	68	28
9	68	31

0	116	42
1	116	50
2	116	52
3	116	47
4	116	7
5	116	4
6	116	48
7	116	49
8	116	10
9	116	35

0	499	42
1	499	3
2	499	16
3	499	51
4	499	52
5	499	43
6	499	36
7	499	23
8	499	37
9	499	27

0	486	53
1	486	18
2	486	13
3	486	43
4	486	43
5	486	11
6	486	15
7	486	9
8	486	5
9	486	43

0	497	35
1	497	28
2	497	13
3	497	31
4	497	12
5	497	43
6	497	19
7	497	46
8	497	43
9	497	46

0	386	52
1	386	32
2	386	37
3	386	20
4	386	6
5	386	2
6	386	47
7	386	2
8	386	5
9	386	34

0	320	14
1	320	6
2	320	33
3	320	30
4	320	25
5	320	9
6	320	17
7	320	20
8	320	27
9	320	37

0	416	0
1	416	19
2	416	50
3	416	44
4	416	24
5	416	42
6	416	3
7	416	9
8	416	24
9	416	44

0	422	51
1	422	46
2	422	2
3	422	13
4	422	28
5	422	45
6	422	25
7	422	11
8	422	1
9	422	6

0	50	36
1	50	50
2	50	21
3	50	22
4	50	39
5	50	50
6	50	35
7	50	27
8	50	52
9	50	40

0	554	39
1	554	32
2	554	12
3	554	18
4	554	34
5	554	11
6	554	11
7	554	3
8	554	2
9	554	27

0	546	38
1	546	21
2	546	13
3	546	26
4	546	42
5	546	15
6	546	18
7	546	40
8	546	24
9	546	17

0	460	9
1	460	19
2	460	29
3	460	13
4	460	24
5	460	19
6	460	29
7	460	8
8	460	41
9	460	43

0	360	7
1	360	14
2	360	5
3	360	40
4	360	0
5	360	44
6	360	50
7	360	0
8	360	0
9	360	23

0	469	41
1	469	45
2	469	26
3	469	37
4	469	44
5	469	25
6	469	14
7	469	10
8	469	31
9	469	39

0	236	3
1	236	52
2	236	0
3	236	50
4	236	53
5	236	22
6	236	34
7	236	25
8	236	4
9	236	36

0	317	47
1	317	27
2	317	3
3	317	19
4	317	29
5	317	0
6	317	33
7	317	30
8	317	47
9	317	0

0	304	17
1	304	9
2	304	24
3	304	22
4	304	40
5	304	49
6	304	30
7	304	26
8	304	1
9	304	31

0	372	23
1	372	19
2	372	15
3	372	9
4	372	51
5	372	23
6	372	39
7	372	37
8	372	45
9	372	44

0	456	26
1	456	2
2	456	36
3	456	28
4	456	4
5	456	50
6	456	0
7	456	28
8	456	40
9	456	20

0	519	29
1	519	30
2	519	22
3	519	2
4	519	30
5	519	36
6	519	9
7	519	39
8	519	49
9	519	50

0	302	25
1	302	50
2	302	18
3	302	44
4	302	31
5	302	2
6	302	19
7	302	12
8	302	31
9	302	34

0	553	33
1	553	8
2	553	4
3	553	24
4	553	25
5	553	28
6	553	53
7	553	20
8	553	26
9	553	33

0	552	22
1	552	1
2	552	28
3	552	11
4	552	21
5	552	6
6	552	3
7	552	21
8	552	15
9	552	4

0	524	27
1	524	6
2	524	52
3	524	23
4	524	11
5	524	21
6	524	32
7	524	32
8	524	27
9	524	41

0	477	44
1	477	10
2	477	40
3	477	48
4	477	37
5	477	14
6	477	27
7	477	38
8	477	46
9	477	13

0	534	8
1	534	0
2	534	31
3	534	14
4	534	12
5	534	27
6	534	25
7	534	34
8	534	22
9	534	53

0	176	8
1	176	5
2	176	41
3	176	39
4	176	53
5	176	47
6	176	43
7	176	40
8	176	42
9	176	22

0	246	28
1	246	32
2	246	46
3	246	47
4	246	14
5	246	2
6	246	22
7	246	36
8	246	7
9	246	28

0	154	8
1	154	51
2	154	8
3	154	41
4	154	15
5	154	26
6	154	26
7	154	15
8	154	51
9	154	19

0	131	18
1	131	30
2	131	47
3	131	34
4	131	21
5	131	3
6	131	37
7	131	33
8	131	14
9	131	25

0	173	50
1	173	45
2	173	48
3	173	47
4	173	0
5	173	16
6	173	15
7	173	35
8	173	34
9	173	33

0	62	3
1	62	3
2	62	33
3	62	53
4	62	38
5	62	5
6	62	20
7	62	52
8	62	49
9	62	4

0	191	51
1	191	22
2	191	29
3	191	24
4	191	27
5	191	6
6	191	53
7	191	38
8	191	38
9	191	22

0	282	44
1	282	22
2	282	8
3	282	42
4	282	40
5	282	43
6	282	50
7	282	38
8	282	23
9	282	36

0	158	30
1	158	32
2	158	51
3	158	31
4	158	15
5	158	38
6	158	26
7	158	30
8	158	48
9	158	22

0	109	25
1	109	3
2	109	5
3	109	10
4	109	14
5	109	27
6	109	18
7	109	18
8	109	25
9	109	48

0	132	33
1	132	6
2	132	21
3	132	6
4	132	24
5	132	32
6	132	53
7	132	32
8	132	46
9	132	32

0	239	5
1	239	38
2	239	4
3	239	39
4	239	23
5	239	19
6	239	44
7	239	39
8	239	13
9	239	5

0	117	48
1	117	7
2	117	7
3	117	45
4	117	48
5	117	30
6	117	29
7	117	4
8	117	15
9	117	21

0	401	37
1	401	39
2	401	3
3	401	19
4	401	13
5	401	26
6	401	20
7	401	33
8	401	48
9	401	2

0	374	18
1	374	38
2	374	17
3	374	34
4	374	5
5	374	12
6	374	32
7	374	16
8	374	45
9	374	0

0	366	50
1	366	16
2	366	8
3	366	0
4	366	32
5	366	24
6	366	13
7	366	0
8	366	42
9	366	29

0	466	0
1	466	47
2	466	53
3	466	39
4	466	29
5	466	44
6	466	52
7	466	32
8	466	24
9	466	1

0	367	42
1	367	41
2	367	17
3	367	29
4	367	32
5	367	3
6	367	12
7	367	6
8	367	22
9	367	18

0	418	41
1	418	9
2	418	27
3	418	20
4	418	20
5	418	31
6	418	37
7	418	22
8	418	44
9	418	8

0	234	7
1	234	23
2	234	45
3	234	30
4	234	26
5	234	50
6	234	11
7	234	44
8	234	43
9	234	13

0	345	2
1	345	0
2	345	24
3	345	46
4	345	23
5	345	35
6	345	34
7	345	16
8	345	8
9	345	20

0	217	12
1	217	40
2	217	51
3	217	28
4	217	44
5	217	4
6	217	51
7	217	12
8	217	14
9	217	34

0	223	10
1	223	14
2	223	37
3	223	7
4	223	21
5	223	38
6	223	31
7	223	1
8	223	21
9	223	15

0	420	3
1	420	16
2	420	39
3	420	44
4	420	29
5	420	37
6	420	18
7	420	3
8	420	29
9	420	51

0	11	4
1	11	44
2	11	20
3	11	16
4	11	52
5	11	14
6	11	39
7	11	31
8	11	1
9	11	28

0	169	15
1	169	36
2	169	44
3	169	15
4	169	47
5	169	2
6	169	26
7	169	2
8	169	15
9	169	53

0	51	36
1	51	4
2	51	52
3	51	21
4	51	39
5	51	6
6	51	42
7	51	26
8	51	1
9	51	48

0	177	27
1	177	29
2	177	42
3	177	16
4	177	3
5	177	41
6	177	41
7	177	14
8	177	17
9	177	0

0	293	25
1	293	8
2	293	6
3	293	35
4	293	30
5	293	52
6	293	50
7	293	17
8	293	7
9	293	36

0	163	45
1	163	38
2	163	0
3	163	31
4	163	53
5	163	47
6	163	46
7	163	30
8	163	0
9	163	24

0	346	8
1	346	24
2	346	8
3	346	42
4	346	6
5	346	0
6	346	33
7	346	41
8	346	40
9	346	11

0	493	39
1	493	43
2	493	7
3	493	41
4	493	10
5	493	51
6	493	21
7	493	45
8	493	20
9	493	24

0	485	35
1	485	5
2	485	15
3	485	1
4	485	41
5	485	24
6	485	6
7	485	47
8	485	50
9	485	37

0	92	18
1	92	23
2	92	53
3	92	39
4	92	40
5	92	53
6	92	12
7	92	34
8	92	2
9	92	25

0	63	31
1	63	39
2	63	46
3	63	50
4	63	42
5	63	42
6	63	28
7	63	26
8	63	27
9	63	49

0	533	9
1	533	46
2	533	26
3	533	34
4	533	33
5	533	39
6	533	27
7	533	27
8	533	30
9	533	35

0	268	52
1	268	44
2	268	13
3	268	5
4	268	2
5	268	20
6	268	46
7	268	32
8	268	5
9	268	19

0	342	19
1	342	53
2	342	18
3	342	36
4	342	27
5	342	30
6	342	13
7	342	10
8	342	6
9	342	26

0	240	31
1	240	18
2	240	49
3	240	38
4	240	0
5	240	15
6	240	35
7	240	46
8	240	12
9	240	32

0	23	8
1	23	2
2	23	53
3	23	19
4	23	4
5	23	33
6	23	5
7	23	37
8	23	19
9	23	52

0	24	28
1	24	16
2	24	45
3	24	0
4	24	44
5	24	21
6	24	25
7	24	49
8	24	15
9	24	16

0	32	49
1	32	14
2	32	37
3	32	18
4	32	44
5	32	49
6	32	35
7	32	29
8	32	40
9	32	42

0	33	24
1	33	37
2	33	10
3	33	50
4	33	37
5	33	38
6	33	8
7	33	42
8	33	0
9	33	53

0	34	32
1	34	43
2	34	11
3	34	20
4	34	13
5	34	44
6	34	18
7	34	3
8	34	3
9	34	33

0	35	4
1	35	31
2	35	25
3	35	24
4	35	15
5	35	10
6	35	38
7	35	17
8	35	0
9	35	23

0	57	20
1	57	31
2	57	30
3	57	33
4	57	47
5	57	42
6	57	53
7	57	26
8	57	33
9	57	1

0	58	25
1	58	11
2	58	32
3	58	40
4	58	17
5	58	28
6	58	43
7	58	30
8	58	53
9	58	22

0	12	2
1	12	34
2	12	18
3	12	22
4	12	28
5	12	33
6	12	4
7	12	40
8	12	20
9	12	50

0	36	44
1	36	50
2	36	52
3	36	46
4	36	46
5	36	9
6	36	16
7	36	36
8	36	9
9	36	33

0	37	51
1	37	6
2	37	32
3	37	25
4	37	18
5	37	45
6	37	24
7	37	5
8	37	53
9	37	49

0	42	45
1	42	37
2	42	12
3	42	40
4	42	22
5	42	40
6	42	45
7	42	27
8	42	11
9	42	18

0	43	37
1	43	3
2	43	19
3	43	39
4	43	43
5	43	25
6	43	2
7	43	3
8	43	52
9	43	29

0	45	5
1	45	13
2	45	19
3	45	39
4	45	50
5	45	48
6	45	28
7	45	18
8	45	38
9	45	42

0	46	46
1	46	6
2	46	17
3	46	42
4	46	19
5	46	6
6	46	7
7	46	44
8	46	12
9	46	49

0	70	23
1	70	25
2	70	16
3	70	3
4	70	52
5	70	14
6	70	17
7	70	35
8	70	43
9	70	0

0	71	37
1	71	30
2	71	33
3	71	33
4	71	15
5	71	34
6	71	30
7	71	46
8	71	35
9	71	31

0	29	53
1	29	27
2	29	40
3	29	34
4	29	36
5	29	34
6	29	23
7	29	28
8	29	51
9	29	19

0	30	43
1	30	17
2	30	30
3	30	4
4	30	18
5	30	52
6	30	53
7	30	20
8	30	46
9	30	43

0	64	49
1	64	17
2	64	9
3	64	46
4	64	24
5	64	17
6	64	49
7	64	18
8	64	27
9	64	25

0	65	44
1	65	10
2	65	12
3	65	0
4	65	22
5	65	12
6	65	15
7	65	53
8	65	49
9	65	5

0	86	32
1	86	2
2	86	32
3	86	7
4	86	50
5	86	12
6	86	29
7	86	25
8	86	48
9	86	39

0	87	1
1	87	39
2	87	36
3	87	17
4	87	0
5	87	27
6	87	31
7	87	30
8	87	27
9	87	21

0	88	16
1	88	18
2	88	36
3	88	15
4	88	22
5	88	31
6	88	1
7	88	13
8	88	21
9	88	20

0	89	20
1	89	10
2	89	49
3	89	52
4	89	41
5	89	41
6	89	42
7	89	48
8	89	50
9	89	28

0	102	28
1	102	0
2	102	33
3	102	47
4	102	51
5	102	13
6	102	39
7	102	7
8	102	49
9	102	33

0	103	45
1	103	26
2	103	39
3	103	7
4	103	15
5	103	49
6	103	17
7	103	11
8	103	10
9	103	8

0	259	31
1	259	2
2	259	29
3	259	28
4	259	26
5	259	8
6	259	48
7	259	26
8	259	31
9	259	27

0	69	46
1	69	6
2	69	38
3	69	37
4	69	13
5	69	26
6	69	51
7	69	8
8	69	24
9	69	45

0	66	0
1	66	10
2	66	9
3	66	8
4	66	44
5	66	49
6	66	16
7	66	9
8	66	33
9	66	8

0	72	22
1	72	28
2	72	46
3	72	18
4	72	9
5	72	52
6	72	49
7	72	40
8	72	44
9	72	39

0	26	29
1	26	43
2	26	12
3	26	35
4	26	40
5	26	44
6	26	2
7	26	26
8	26	22
9	26	53

0	59	32
1	59	18
2	59	37
3	59	7
4	59	24
5	59	10
6	59	36
7	59	20
8	59	43
9	59	36

0	194	48
1	194	38
2	194	8
3	194	50
4	194	32
5	194	51
6	194	39
7	194	47
8	194	39
9	194	38

0	147	20
1	147	9
2	147	26
3	147	51
4	147	10
5	147	37
6	147	27
7	147	35
8	147	48
9	147	9

0	10	18
1	10	43
2	10	0
3	10	16
4	10	6
5	10	18
6	10	20
7	10	13
8	10	46
9	10	39

0	199	49
1	199	6
2	199	39
3	199	15
4	199	46
5	199	41
6	199	4
7	199	22
8	199	12
9	199	32

0	93	11
1	93	18
2	93	2
3	93	22
4	93	53
5	93	10
6	93	30
7	93	5
8	93	11
9	93	49

0	106	9
1	106	8
2	106	23
3	106	46
4	106	15
5	106	0
6	106	7
7	106	28
8	106	0
9	106	23

0	38	12
1	38	50
2	38	33
3	38	43
4	38	11
5	38	35
6	38	51
7	38	0
8	38	52
9	38	24

0	532	21
1	532	35
2	532	37
3	532	36
4	532	38
5	532	13
6	532	53
7	532	31
8	532	33
9	532	18

0	464	23
1	464	42
2	464	33
3	464	40
4	464	34
5	464	20
6	464	0
7	464	35
8	464	50
9	464	16

0	582	51
1	582	17
2	582	3
3	582	3
4	582	5
5	582	30
6	582	26
7	582	30
8	582	34
9	582	0

0	583	13
1	583	43
2	583	52
3	583	23
4	583	52
5	583	33
6	583	31
7	583	20
8	583	40
9	583	32

0	588	49
1	588	19
2	588	45
3	588	20
4	588	9
5	588	51
6	588	4
7	588	15
8	588	51
9	588	48

0	159	22
1	159	29
2	159	38
3	159	53
4	159	3
5	159	41
6	159	0
7	159	36
8	159	38
9	159	34

0	467	22
1	467	52
2	467	22
3	467	22
4	467	21
5	467	43
6	467	18
7	467	44
8	467	53
9	467	5

0	539	7
1	539	13
2	539	31
3	539	19
4	539	19
5	539	46
6	539	51
7	539	45
8	539	29
9	539	46

0	589	20
1	589	10
2	589	25
3	589	13
4	589	1
5	589	27
6	589	28
7	589	40
8	589	1
9	589	46

0	584	52
1	584	11
2	584	35
3	584	37
4	584	51
5	584	24
6	584	5
7	584	13
8	584	49
9	584	52

0	233	0
1	233	25
2	233	49
3	233	0
4	233	15
5	233	34
6	233	51
7	233	44
8	233	30
9	233	30

0	495	45
1	495	45
2	495	18
3	495	2
4	495	46
5	495	48
6	495	4
7	495	11
8	495	10
9	495	53

0	395	41
1	395	40
2	395	47
3	395	31
4	395	9
5	395	19
6	395	11
7	395	16
8	395	3
9	395	27

0	502	9
1	502	45
2	502	25
3	502	32
4	502	39
5	502	3
6	502	52
7	502	12
8	502	27
9	502	31

0	563	17
1	563	5
2	563	1
3	563	9
4	563	14
5	563	52
6	563	36
7	563	49
8	563	26
9	563	51

0	80	40
1	80	47
2	80	17
3	80	30
4	80	4
5	80	1
6	80	21
7	80	48
8	80	37
9	80	19

0	530	28
1	530	2
2	530	23
3	530	21
4	530	17
5	530	14
6	530	4
7	530	17
8	530	18
9	530	3

0	473	1
1	473	36
2	473	53
3	473	41
4	473	3
5	473	49
6	473	0
7	473	29
8	473	51
9	473	12

0	373	30
1	373	16
2	373	36
3	373	51
4	373	13
5	373	38
6	373	21
7	373	50
8	373	3
9	373	44

0	561	19
1	561	48
2	561	40
3	561	43
4	561	41
5	561	2
6	561	14
7	561	28
8	561	4
9	561	6

0	482	10
1	482	44
2	482	7
3	482	1
4	482	15
5	482	48
6	482	20
7	482	7
8	482	46
9	482	17

0	361	36
1	361	28
2	361	46
3	361	44
4	361	45
5	361	16
6	361	35
7	361	34
8	361	16
9	361	47

0	192	33
1	192	0
2	192	4
3	192	48
4	192	6
5	192	39
6	192	11
7	192	0
8	192	33
9	192	14

0	269	13
1	269	38
2	269	15
3	269	49
4	269	0
5	269	53
6	269	34
7	269	52
8	269	8
9	269	45

0	453	5
1	453	30
2	453	50
3	453	26
4	453	32
5	453	26
6	453	1
7	453	42
8	453	19
9	453	36

0	396	11
1	396	31
2	396	24
3	396	7
4	396	43
5	396	5
6	396	28
7	396	51
8	396	11
9	396	24

0	214	43
1	214	9
2	214	37
3	214	42
4	214	29
5	214	23
6	214	2
7	214	11
8	214	40
9	214	49

0	451	47
1	451	22
2	451	36
3	451	21
4	451	44
5	451	37
6	451	35
7	451	8
8	451	35
9	451	33

0	371	14
1	371	46
2	371	7
3	371	48
4	371	1
5	371	21
6	371	30
7	371	4
8	371	39
9	371	12

0	228	0
1	228	38
2	228	9
3	228	12
4	228	34
5	228	30
6	228	3
7	228	52
8	228	34
9	228	30

0	465	28
1	465	47
2	465	2
3	465	46
4	465	7
5	465	23
6	465	49
7	465	5
8	465	4
9	465	51

0	348	53
1	348	53
2	348	25
3	348	24
4	348	5
5	348	45
6	348	16
7	348	24
8	348	14
9	348	23

0	17	16
1	17	29
2	17	14
3	17	22
4	17	37
5	17	21
6	17	29
7	17	29
8	17	31
9	17	9

0	341	42
1	341	18
2	341	49
3	341	5
4	341	16
5	341	12
6	341	36
7	341	28
8	341	9
9	341	11

0	438	51
1	438	28
2	438	16
3	438	35
4	438	35
5	438	20
6	438	5
7	438	37
8	438	22
9	438	22

0	427	45
1	427	15
2	427	18
3	427	41
4	427	15
5	427	39
6	427	29
7	427	11
8	427	52
9	427	4

0	280	31
1	280	30
2	280	36
3	280	11
4	280	23
5	280	16
6	280	33
7	280	45
8	280	30
9	280	19

0	337	12
1	337	19
2	337	46
3	337	39
4	337	21
5	337	38
6	337	2
7	337	32
8	337	20
9	337	49

0	383	47
1	383	40
2	383	38
3	383	15
4	383	10
5	383	22
6	383	18
7	383	17
8	383	5
9	383	45

0	256	21
1	256	49
2	256	11
3	256	26
4	256	45
5	256	52
6	256	8
7	256	34
8	256	24
9	256	15

0	81	29
1	81	40
2	81	33
3	81	23
4	81	49
5	81	25
6	81	44
7	81	0
8	81	28
9	81	32

0	368	6
1	368	20
2	368	47
3	368	44
4	368	9
5	368	28
6	368	26
7	368	39
8	368	15
9	368	25

0	283	27
1	283	48
2	283	19
3	283	2
4	283	27
5	283	29
6	283	45
7	283	42
8	283	25
9	283	47

0	571	38
1	571	7
2	571	36
3	571	50
4	571	11
5	571	32
6	571	29
7	571	33
8	571	21
9	571	50

0	572	35
1	572	9
2	572	49
3	572	20
4	572	7
5	572	37
6	572	24
7	572	5
8	572	23
9	572	20

0	566	47
1	566	23
2	566	4
3	566	19
4	566	27
5	566	29
6	566	33
7	566	40
8	566	14
9	566	15

0	487	11
1	487	33
2	487	1
3	487	9
4	487	13
5	487	23
6	487	26
7	487	8
8	487	40
9	487	18

0	500	25
1	500	5
2	500	51
3	500	43
4	500	49
5	500	25
6	500	16
7	500	28
8	500	20
9	500	43

0	399	9
1	399	10
2	399	7
3	399	45
4	399	5
5	399	14
6	399	38
7	399	47
8	399	40
9	399	46

0	415	27
1	415	1
2	415	6
3	415	11
4	415	12
5	415	24
6	415	47
7	415	32
8	415	13
9	415	49

0	397	31
1	397	27
2	397	8
3	397	42
4	397	2
5	397	7
6	397	2
7	397	43
8	397	11
9	397	45

0	479	49
1	479	52
2	479	30
3	479	31
4	479	20
5	479	10
6	479	17
7	479	15
8	479	33
9	479	30

0	461	37
1	461	32
2	461	52
3	461	26
4	461	36
5	461	29
6	461	29
7	461	46
8	461	41
9	461	9

0	476	42
1	476	5
2	476	31
3	476	29
4	476	46
5	476	39
6	476	52
7	476	23
8	476	29
9	476	15

0	471	47
1	471	14
2	471	20
3	471	30
4	471	34
5	471	45
6	471	38
7	471	44
8	471	45
9	471	42

0	536	23
1	536	10
2	536	30
3	536	34
4	536	44
5	536	20
6	536	11
7	536	22
8	536	29
9	536	25

0	537	11
1	537	11
2	537	37
3	537	52
4	537	25
5	537	45
6	537	8
7	537	14
8	537	52
9	537	12

0	160	14
1	160	21
2	160	9
3	160	5
4	160	14
5	160	25
6	160	8
7	160	52
8	160	11
9	160	52

0	331	48
1	331	27
2	331	51
3	331	1
4	331	4
5	331	1
6	331	12
7	331	43
8	331	44
9	331	40

0	263	38
1	263	20
2	263	19
3	263	44
4	263	50
5	263	41
6	263	6
7	263	49
8	263	52
9	263	19

0	252	7
1	252	32
2	252	5
3	252	37
4	252	24
5	252	40
6	252	45
7	252	25
8	252	23
9	252	7

0	378	2
1	378	43
2	378	50
3	378	47
4	378	37
5	378	6
6	378	13
7	378	34
8	378	42
9	378	18

0	335	3
1	335	50
2	335	4
3	335	17
4	335	51
5	335	47
6	335	4
7	335	37
8	335	18
9	335	37

0	375	34
1	375	47
2	375	29
3	375	2
4	375	5
5	375	36
6	375	25
7	375	40
8	375	31
9	375	38

0	412	4
1	412	18
2	412	38
3	412	43
4	412	30
5	412	19
6	412	14
7	412	39
8	412	13
9	412	35

0	410	18
1	410	34
2	410	8
3	410	7
4	410	0
5	410	0
6	410	42
7	410	27
8	410	14
9	410	16

0	352	39
1	352	29
2	352	16
3	352	12
4	352	33
5	352	51
6	352	37
7	352	42
8	352	1
9	352	20

0	167	29
1	167	36
2	167	36
3	167	39
4	167	45
5	167	22
6	167	26
7	167	8
8	167	4
9	167	5

0	244	52
1	244	8
2	244	26
3	244	53
4	244	6
5	244	31
6	244	2
7	244	21
8	244	25
9	244	44

0	377	20
1	377	40
2	377	32
3	377	48
4	377	19
5	377	46
6	377	46
7	377	28
8	377	36
9	377	3

0	225	49
1	225	28
2	225	35
3	225	40
4	225	36
5	225	34
6	225	30
7	225	15
8	225	41
9	225	39

0	389	0
1	389	13
2	389	13
3	389	15
4	389	6
5	389	1
6	389	46
7	389	2
8	389	38
9	389	1

0	390	3
1	390	42
2	390	27
3	390	39
4	390	50
5	390	26
6	390	52
7	390	13
8	390	41
9	390	13

0	95	33
1	95	51
2	95	33
3	95	31
4	95	11
5	95	5
6	95	9
7	95	6
8	95	53
9	95	41

0	96	18
1	96	48
2	96	38
3	96	12
4	96	44
5	96	9
6	96	45
7	96	16
8	96	32
9	96	26

0	5	42
1	5	18
2	5	42
3	5	47
4	5	38
5	5	10
6	5	35
7	5	42
8	5	12
9	5	20

0	562	31
1	562	2
2	562	46
3	562	31
4	562	3
5	562	16
6	562	34
7	562	26
8	562	53
9	562	23

0	496	0
1	496	44
2	496	41
3	496	35
4	496	7
5	496	10
6	496	23
7	496	10
8	496	0
9	496	21

0	592	18
1	592	4
2	592	5
3	592	48
4	592	14
5	592	14
6	592	40
7	592	6
8	592	43
9	592	14

0	591	37
1	591	8
2	591	20
3	591	10
4	591	4
5	591	8
6	591	37
7	591	30
8	591	32
9	591	30

0	569	37
1	569	8
2	569	20
3	569	10
4	569	4
5	569	8
6	569	37
7	569	30
8	569	32
9	569	30

0	503	5
1	503	50
2	503	19
3	503	38
4	503	15
5	503	36
6	503	50
7	503	30
8	503	31
9	503	23

0	564	19
1	564	31
2	564	50
3	564	29
4	564	38
5	564	29
6	564	5
7	564	47
8	564	9
9	564	34

0	511	25
1	511	8
2	511	25
3	511	22
4	511	0
5	511	5
6	511	52
7	511	44
8	511	40
9	511	26

0	551	49
1	551	13
2	551	16
3	551	49
4	551	39
5	551	9
6	551	31
7	551	40
8	551	12
9	551	28

0	307	36
1	307	36
2	307	39
3	307	40
4	307	47
5	307	1
6	307	32
7	307	26
8	307	22
9	307	6

0	354	53
1	354	47
2	354	13
3	354	25
4	354	12
5	354	18
6	354	45
7	354	9
8	354	45
9	354	29

0	492	26
1	492	37
2	492	40
3	492	11
4	492	17
5	492	27
6	492	37
7	492	6
8	492	21
9	492	46

0	545	0
1	545	9
2	545	10
3	545	49
4	545	30
5	545	50
6	545	16
7	545	50
8	545	18
9	545	6

0	543	5
1	543	50
2	543	46
3	543	13
4	543	0
5	543	20
6	543	1
7	543	26
8	543	50
9	543	17

0	606	16
1	606	53
2	606	32
3	606	35
4	606	6
5	606	31
6	606	19
7	606	21
8	606	27
9	606	31

0	577	31
1	577	35
2	577	45
3	577	26
4	577	11
5	577	31
6	577	34
7	577	16
8	577	46
9	577	50

0	474	51
1	474	19
2	474	41
3	474	23
4	474	37
5	474	4
6	474	24
7	474	31
8	474	49
9	474	12

0	431	15
1	431	52
2	431	31
3	431	13
4	431	26
5	431	44
6	431	29
7	431	9
8	431	7
9	431	22

0	558	12
1	558	52
2	558	39
3	558	29
4	558	28
5	558	24
6	558	39
7	558	7
8	558	15
9	558	25

0	587	41
1	587	12
2	587	40
3	587	46
4	587	19
5	587	49
6	587	30
7	587	51
8	587	36
9	587	12

0	600	2
1	600	16
2	600	9
3	600	4
4	600	36
5	600	3
6	600	42
7	600	19
8	600	17
9	600	3

0	340	7
1	340	49
2	340	33
3	340	47
4	340	23
5	340	51
6	340	49
7	340	24
8	340	16
9	340	49

0	581	22
1	581	26
2	581	12
3	581	8
4	581	30
5	581	38
6	581	13
7	581	20
8	581	28
9	581	2

0	555	3
1	555	37
2	555	53
3	555	51
4	555	22
5	555	2
6	555	50
7	555	18
8	555	20
9	555	29

0	604	6
1	604	38
2	604	23
3	604	17
4	604	32
5	604	30
6	604	46
7	604	5
8	604	48
9	604	4

0	549	8
1	549	22
2	549	1
3	549	1
4	549	40
5	549	11
6	549	39
7	549	49
8	549	11
9	549	45

0	454	27
1	454	25
2	454	11
3	454	18
4	454	14
5	454	32
6	454	5
7	454	11
8	454	5
9	454	16

0	462	48
1	462	42
2	462	35
3	462	0
4	462	16
5	462	47
6	462	31
7	462	31
8	462	50
9	462	22

0	376	14
1	376	15
2	376	48
3	376	9
4	376	2
5	376	49
6	376	43
7	376	19
8	376	22
9	376	39

0	417	15
1	417	38
2	417	21
3	417	24
4	417	32
5	417	51
6	417	27
7	417	7
8	417	35
9	417	43

0	213	40
1	213	27
2	213	29
3	213	37
4	213	50
5	213	44
6	213	46
7	213	16
8	213	41
9	213	53

0	515	7
1	515	43
2	515	39
3	515	4
4	515	31
5	515	52
6	515	28
7	515	38
8	515	26
9	515	40

0	568	9
1	568	18
2	568	14
3	568	36
4	568	47
5	568	7
6	568	45
7	568	45
8	568	13
9	568	41

0	355	38
1	355	24
2	355	3
3	355	33
4	355	10
5	355	50
6	355	36
7	355	4
8	355	38
9	355	7

0	391	43
1	391	44
2	391	2
3	391	5
4	391	42
5	391	11
6	391	6
7	391	44
8	391	2
9	391	51

0	261	50
1	261	45
2	261	0
3	261	2
4	261	22
5	261	2
6	261	14
7	261	17
8	261	52
9	261	1

0	138	30
1	138	41
2	138	37
3	138	48
4	138	30
5	138	40
6	138	46
7	138	3
8	138	0
9	138	53

0	143	33
1	143	13
2	143	16
3	143	3
4	143	40
5	143	48
6	143	23
7	143	31
8	143	19
9	143	5

0	18	25
1	18	48
2	18	28
3	18	34
4	18	26
5	18	53
6	18	41
7	18	34
8	18	42
9	18	4

0	13	28
1	13	15
2	13	9
3	13	24
4	13	49
5	13	20
6	13	16
7	13	19
8	13	47
9	13	53

0	48	12
1	48	3
2	48	47
3	48	53
4	48	50
5	48	8
6	48	36
7	48	45
8	48	45
9	48	11

0	52	50
1	52	8
2	52	33
3	52	30
4	52	42
5	52	40
6	52	5
7	52	41
8	52	34
9	52	2

0	124	11
1	124	12
2	124	51
3	124	24
4	124	41
5	124	16
6	124	4
7	124	4
8	124	36
9	124	42

0	82	35
1	82	7
2	82	11
3	82	40
4	82	1
5	82	41
6	82	24
7	82	51
8	82	19
9	82	7

0	509	30
1	509	6
2	509	31
3	509	18
4	509	46
5	509	21
6	509	23
7	509	22
8	509	35
9	509	31

0	527	6
1	527	10
2	527	5
3	527	26
4	527	13
5	527	40
6	527	31
7	527	14
8	527	45
9	527	17

0	521	46
1	521	0
2	521	9
3	521	50
4	521	36
5	521	34
6	521	2
7	521	8
8	521	52
9	521	47

0	338	2
1	338	6
2	338	33
3	338	47
4	338	25
5	338	25
6	338	32
7	338	14
8	338	16
9	338	38

0	541	34
1	541	14
2	541	37
3	541	20
4	541	41
5	541	13
6	541	14
7	541	12
8	541	47
9	541	42

0	356	38
1	356	34
2	356	27
3	356	40
4	356	52
5	356	44
6	356	27
7	356	33
8	356	22
9	356	9

0	384	43
1	384	27
2	384	14
3	384	51
4	384	31
5	384	19
6	384	41
7	384	2
8	384	39
9	384	1

0	327	53
1	327	51
2	327	50
3	327	50
4	327	3
5	327	32
6	327	52
7	327	3
8	327	18
9	327	37

0	400	13
1	400	1
2	400	48
3	400	9
4	400	20
5	400	37
6	400	1
7	400	41
8	400	50
9	400	13

0	318	31
1	318	36
2	318	28
3	318	16
4	318	46
5	318	28
6	318	21
7	318	10
8	318	11
9	318	44

0	164	38
1	164	23
2	164	23
3	164	52
4	164	42
5	164	20
6	164	36
7	164	45
8	164	35
9	164	23

0	387	45
1	387	47
2	387	33
3	387	52
4	387	52
5	387	48
6	387	35
7	387	46
8	387	28
9	387	0

0	174	47
1	174	6
2	174	4
3	174	9
4	174	1
5	174	7
6	174	46
7	174	16
8	174	20
9	174	1

0	517	45
1	517	25
2	517	38
3	517	41
4	517	31
5	517	23
6	517	26
7	517	36
8	517	0
9	517	47

0	27	31
1	27	34
2	27	28
3	27	38
4	27	6
5	27	41
6	27	9
7	27	46
8	27	12
9	27	39

0	197	22
1	197	6
2	197	19
3	197	3
4	197	43
5	197	8
6	197	7
7	197	4
8	197	49
9	197	17

0	350	52
1	350	47
2	350	21
3	350	9
4	350	11
5	350	11
6	350	38
7	350	20
8	350	3
9	350	43

0	398	42
1	398	26
2	398	1
3	398	35
4	398	5
5	398	35
6	398	39
7	398	24
8	398	26
9	398	10

0	405	0
1	405	10
2	405	35
3	405	17
4	405	42
5	405	4
6	405	2
7	405	29
8	405	45
9	405	1

0	308	43
1	308	37
2	308	20
3	308	19
4	308	21
5	308	53
6	308	9
7	308	51
8	308	51
9	308	45

0	359	38
1	359	2
2	359	31
3	359	7
4	359	29
5	359	30
6	359	14
7	359	48
8	359	1
9	359	13

0	362	48
1	362	12
2	362	16
3	362	5
4	362	23
5	362	15
6	362	28
7	362	8
8	362	9
9	362	28

0	278	7
1	278	3
2	278	32
3	278	45
4	278	53
5	278	12
6	278	41
7	278	30
8	278	3
9	278	27

0	284	21
1	284	7
2	284	25
3	284	3
4	284	38
5	284	18
6	284	21
7	284	12
8	284	9
9	284	25

0	344	22
1	344	16
2	344	41
3	344	52
4	344	3
5	344	33
6	344	39
7	344	31
8	344	18
9	344	43

0	353	14
1	353	1
2	353	30
3	353	20
4	353	28
5	353	5
6	353	5
7	353	23
8	353	46
9	353	3

0	73	5
1	73	19
2	73	37
3	73	39
4	73	51
5	73	0
6	73	9
7	73	8
8	73	36
9	73	15

0	74	28
1	74	19
2	74	3
3	74	7
4	74	42
5	74	3
6	74	16
7	74	8
8	74	25
9	74	53

0	369	32
1	369	3
2	369	24
3	369	6
4	369	15
5	369	26
6	369	37
7	369	0
8	369	28
9	369	16

0	364	44
1	364	20
2	364	25
3	364	27
4	364	21
5	364	37
6	364	40
7	364	32
8	364	29
9	364	17

0	446	46
1	446	42
2	446	26
3	446	32
4	446	40
5	446	50
6	446	52
7	446	50
8	446	40
9	446	22

0	365	27
1	365	41
2	365	40
3	365	23
4	365	8
5	365	38
6	365	26
7	365	29
8	365	1
9	365	30

0	188	15
1	188	23
2	188	47
3	188	25
4	188	35
5	188	39
6	188	15
7	188	19
8	188	44
9	188	0

0	133	36
1	133	28
2	133	14
3	133	42
4	133	13
5	133	41
6	133	35
7	133	35
8	133	35
9	133	48

0	303	12
1	303	35
2	303	28
3	303	10
4	303	9
5	303	44
6	303	53
7	303	4
8	303	44
9	303	4

0	229	18
1	229	48
2	229	47
3	229	0
4	229	18
5	229	15
6	229	48
7	229	41
8	229	42
9	229	6

0	242	34
1	242	52
2	242	14
3	242	18
4	242	1
5	242	14
6	242	6
7	242	22
8	242	5
9	242	39

0	21	41
1	21	23
2	21	31
3	21	36
4	21	29
5	21	14
6	21	5
7	21	0
8	21	4
9	21	36

0	118	50
1	118	24
2	118	30
3	118	21
4	118	48
5	118	16
6	118	40
7	118	19
8	118	46
9	118	31

0	442	34
1	442	20
2	442	39
3	442	15
4	442	9
5	442	33
6	442	41
7	442	43
8	442	8
9	442	40

0	332	20
1	332	43
2	332	27
3	332	8
4	332	41
5	332	35
6	332	6
7	332	53
8	332	6
9	332	36

0	547	38
1	547	29
2	547	11
3	547	33
4	547	16
5	547	34
6	547	10
7	547	44
8	547	2
9	547	15

0	333	1
1	333	49
2	333	41
3	333	13
4	333	13
5	333	1
6	333	40
7	333	26
8	333	2
9	333	41

0	501	24
1	501	31
2	501	32
3	501	43
4	501	37
5	501	12
6	501	53
7	501	29
8	501	35
9	501	7

0	407	52
1	407	29
2	407	48
3	407	23
4	407	47
5	407	49
6	407	43
7	407	12
8	407	5
9	407	29

0	305	31
1	305	50
2	305	10
3	305	29
4	305	51
5	305	17
6	305	11
7	305	44
8	305	42
9	305	44

0	421	36
1	421	1
2	421	23
3	421	22
4	421	9
5	421	25
6	421	19
7	421	25
8	421	8
9	421	2

0	120	47
1	120	51
2	120	37
3	120	15
4	120	14
5	120	26
6	120	30
7	120	4
8	120	25
9	120	46

0	512	18
1	512	13
2	512	12
3	512	12
4	512	43
5	512	23
6	512	15
7	512	38
8	512	17
9	512	14

0	178	49
1	178	8
2	178	50
3	178	22
4	178	39
5	178	21
6	178	19
7	178	17
8	178	17
9	178	29

0	53	18
1	53	50
2	53	10
3	53	48
4	53	24
5	53	10
6	53	43
7	53	44
8	53	7
9	53	18

0	195	5
1	195	4
2	195	0
3	195	27
4	195	26
5	195	3
6	195	32
7	195	1
8	195	32
9	195	5

0	306	16
1	306	22
2	306	42
3	306	49
4	306	40
5	306	9
6	306	51
7	306	6
8	306	41
9	306	2

0	19	4
1	19	16
2	19	39
3	19	25
4	19	33
5	19	22
6	19	30
7	19	52
8	19	31
9	19	9

0	245	25
1	245	18
2	245	46
3	245	52
4	245	0
5	245	11
6	245	17
7	245	10
8	245	40
9	245	46

0	291	53
1	291	30
2	291	47
3	291	31
4	291	42
5	291	45
6	291	3
7	291	49
8	291	48
9	291	18

0	200	26
1	200	38
2	200	17
3	200	29
4	200	16
5	200	35
6	200	25
7	200	45
8	200	3
9	200	53

0	201	1
1	201	11
2	201	33
3	201	26
4	201	29
5	201	32
6	201	9
7	201	9
8	201	15
9	201	34

0	170	14
1	170	40
2	170	19
3	170	16
4	170	15
5	170	29
6	170	44
7	170	34
8	170	34
9	170	4

0	220	48
1	220	31
2	220	11
3	220	14
4	220	20
5	220	17
6	220	27
7	220	2
8	220	37
9	220	52

0	148	31
1	148	17
2	148	21
3	148	40
4	148	5
5	148	23
6	148	7
7	148	5
8	148	4
9	148	40

0	218	51
1	218	29
2	218	32
3	218	15
4	218	41
5	218	6
6	218	29
7	218	47
8	218	35
9	218	39

0	526	24
1	526	51
2	526	2
3	526	1
4	526	42
5	526	10
6	526	8
7	526	37
8	526	47
9	526	26

0	381	24
1	381	51
2	381	2
3	381	1
4	381	42
5	381	10
6	381	8
7	381	37
8	381	47
9	381	26

0	598	14
1	598	36
2	598	14
3	598	27
4	598	40
5	598	28
6	598	17
7	598	28
8	598	10
9	598	45

0	593	48
1	593	14
2	593	18
3	593	37
4	593	15
5	593	18
6	593	7
7	593	25
8	593	12
9	593	41

0	599	39
1	599	48
2	599	29
3	599	2
4	599	21
5	599	12
6	599	41
7	599	4
8	599	6
9	599	29

0	594	3
1	594	30
2	594	1
3	594	47
4	594	7
5	594	32
6	594	29
7	594	18
8	594	41
9	594	34

0	596	5
1	596	21
2	596	15
3	596	18
4	596	20
5	596	42
6	596	50
7	596	53
8	596	31
9	596	36

0	595	11
1	595	34
2	595	35
3	595	53
4	595	49
5	595	2
6	595	32
7	595	12
8	595	45
9	595	0

0	328	0
1	328	26
2	328	32
3	328	31
4	328	38
5	328	24
6	328	1
7	328	11
8	328	30
9	328	15

0	315	23
1	315	40
2	315	52
3	315	16
4	315	39
5	315	26
6	315	15
7	315	30
8	315	49
9	315	40

0	351	25
1	351	35
2	351	33
3	351	43
4	351	4
5	351	49
6	351	46
7	351	30
8	351	21
9	351	28

0	248	6
1	248	15
2	248	42
3	248	10
4	248	8
5	248	11
6	248	20
7	248	39
8	248	8
9	248	5

0	402	49
1	402	40
2	402	13
3	402	43
4	402	24
5	402	49
6	402	47
7	402	22
8	402	51
9	402	13

0	535	29
1	535	23
2	535	24
3	535	25
4	535	6
5	535	38
6	535	48
7	535	51
8	535	41
9	535	25

0	414	3
1	414	48
2	414	41
3	414	0
4	414	23
5	414	11
6	414	53
7	414	36
8	414	28
9	414	41

0	544	5
1	544	53
2	544	25
3	544	42
4	544	19
5	544	40
6	544	24
7	544	42
8	544	3
9	544	7

0	523	43
1	523	35
2	523	53
3	523	41
4	523	36
5	523	6
6	523	13
7	523	7
8	523	26
9	523	43

0	204	35
1	204	42
2	204	8
3	204	14
4	204	45
5	204	52
6	204	43
7	204	35
8	204	53
9	204	53

0	196	52
1	196	8
2	196	12
3	196	45
4	196	13
5	196	9
6	196	16
7	196	30
8	196	18
9	196	32

0	334	8
1	334	42
2	334	46
3	334	43
4	334	32
5	334	51
6	334	37
7	334	47
8	334	24
9	334	39

0	274	18
1	274	50
2	274	32
3	274	24
4	274	4
5	274	4
6	274	29
7	274	29
8	274	42
9	274	0

0	385	28
1	385	1
2	385	16
3	385	32
4	385	7
5	385	2
6	385	1
7	385	53
8	385	22
9	385	9

0	260	11
1	260	21
2	260	50
3	260	7
4	260	29
5	260	37
6	260	21
7	260	25
8	260	48
9	260	16

0	78	46
1	78	5
2	78	27
3	78	22
4	78	3
5	78	18
6	78	29
7	78	25
8	78	8
9	78	31

0	264	17
1	264	28
2	264	2
3	264	28
4	264	3
5	264	30
6	264	18
7	264	40
8	264	19
9	264	44

0	483	13
1	483	27
2	483	19
3	483	6
4	483	25
5	483	36
6	483	11
7	483	24
8	483	38
9	483	32

0	281	4
1	281	29
2	281	23
3	281	33
4	281	7
5	281	42
6	281	6
7	281	4
8	281	6
9	281	0

0	326	6
1	326	32
2	326	37
3	326	49
4	326	40
5	326	44
6	326	10
7	326	5
8	326	11
9	326	5

0	313	30
1	313	39
2	313	43
3	313	15
4	313	35
5	313	45
6	313	45
7	313	52
8	313	40
9	313	26

0	231	11
1	231	6
2	231	21
3	231	51
4	231	36
5	231	33
6	231	33
7	231	0
8	231	7
9	231	50

0	44	37
1	44	3
2	44	2
3	44	18
4	44	24
5	44	2
6	44	31
7	44	14
8	44	18
9	44	4

0	110	2
1	110	26
2	110	46
3	110	1
4	110	9
5	110	53
6	110	44
7	110	17
8	110	30
9	110	23

0	249	5
1	249	43
2	249	20
3	249	44
4	249	22
5	249	21
6	249	47
7	249	25
8	249	47
9	249	46

0	54	29
1	54	1
2	54	41
3	54	27
4	54	33
5	54	31
6	54	29
7	54	41
8	54	2
9	54	4

0	309	25
1	309	8
2	309	32
3	309	10
4	309	1
5	309	46
6	309	30
7	309	11
8	309	27
9	309	15

0	139	19
1	139	42
2	139	6
3	139	17
4	139	37
5	139	3
6	139	50
7	139	34
8	139	3
9	139	41

0	270	46
1	270	47
2	270	5
3	270	46
4	270	24
5	270	29
6	270	31
7	270	43
8	270	18
9	270	29

0	289	32
1	289	2
2	289	14
3	289	50
4	289	38
5	289	51
6	289	14
7	289	38
8	289	32
9	289	39

0	136	38
1	136	18
2	136	44
3	136	11
4	136	12
5	136	16
6	136	37
7	136	40
8	136	36
9	136	12

0	235	33
1	235	33
2	235	13
3	235	25
4	235	41
5	235	12
6	235	42
7	235	42
8	235	44
9	235	7

0	548	27
1	548	11
2	548	0
3	548	42
4	548	10
5	548	5
6	548	12
7	548	13
8	548	22
9	548	10

0	430	8
1	430	31
2	430	51
3	430	39
4	430	0
5	430	38
6	430	32
7	430	41
8	430	52
9	430	26

0	253	5
1	253	24
2	253	5
3	253	7
4	253	45
5	253	16
6	253	19
7	253	16
8	253	11
9	253	53

0	198	38
1	198	13
2	198	38
3	198	13
4	198	13
5	198	6
6	198	3
7	198	24
8	198	49
9	198	12

0	531	7
1	531	39
2	531	17
3	531	16
4	531	22
5	531	41
6	531	20
7	531	22
8	531	44
9	531	20

0	257	50
1	257	5
2	257	8
3	257	8
4	257	29
5	257	2
6	257	43
7	257	40
8	257	21
9	257	6

0	230	37
1	230	9
2	230	36
3	230	33
4	230	48
5	230	13
6	230	46
7	230	11
8	230	17
9	230	13

0	161	31
1	161	4
2	161	26
3	161	15
4	161	30
5	161	1
6	161	37
7	161	9
8	161	8
9	161	21

0	357	22
1	357	23
2	357	40
3	357	30
4	357	32
5	357	17
6	357	5
7	357	28
8	357	33
9	357	38

0	297	39
1	297	33
2	297	21
3	297	25
4	297	6
5	297	12
6	297	8
7	297	48
8	297	38
9	297	34

0	149	30
1	149	47
2	149	44
3	149	23
4	149	11
5	149	35
6	149	23
7	149	51
8	149	37
9	149	39

0	99	12
1	99	35
2	99	27
3	99	29
4	99	38
5	99	42
6	99	22
7	99	35
8	99	0
9	99	42

0	298	4
1	298	27
2	298	35
3	298	31
4	298	36
5	298	25
6	298	26
7	298	33
8	298	53
9	298	17

0	67	22
1	67	8
2	67	18
3	67	40
4	67	31
5	67	11
6	67	27
7	67	12
8	67	33
9	67	27

0	15	47
1	15	31
2	15	41
3	15	51
4	15	3
5	15	28
6	15	51
7	15	13
8	15	22
9	15	20

0	210	32
1	210	22
2	210	29
3	210	24
4	210	50
5	210	15
6	210	41
7	210	27
8	210	5
9	210	32

0	179	1
1	179	19
2	179	33
3	179	43
4	179	47
5	179	53
6	179	22
7	179	38
8	179	43
9	179	49

0	115	44
1	115	43
2	115	22
3	115	17
4	115	41
5	115	27
6	115	28
7	115	42
8	115	19
9	115	43

0	319	3
1	319	1
2	319	28
3	319	41
4	319	26
5	319	1
6	319	1
7	319	15
8	319	53
9	319	41

0	254	3
1	254	36
2	254	45
3	254	47
4	254	50
5	254	41
6	254	13
7	254	22
8	254	10
9	254	48

0	237	47
1	237	38
2	237	10
3	237	1
4	237	10
5	237	7
6	237	4
7	237	30
8	237	50
9	237	5

0	150	2
1	150	25
2	150	48
3	150	38
4	150	1
5	150	1
6	150	36
7	150	17
8	150	1
9	150	39

0	134	30
1	134	40
2	134	41
3	134	8
4	134	16
5	134	35
6	134	51
7	134	39
8	134	12
9	134	1

0	329	35
1	329	26
2	329	2
3	329	11
4	329	12
5	329	48
6	329	8
7	329	8
8	329	47
9	329	42

0	343	37
1	343	26
2	343	1
3	343	6
4	343	28
5	343	3
6	343	46
7	343	46
8	343	8
9	343	3

0	171	47
1	171	22
2	171	0
3	171	7
4	171	39
5	171	36
6	171	10
7	171	26
8	171	14
9	171	42

0	90	32
1	90	19
2	90	6
3	90	24
4	90	17
5	90	39
6	90	34
7	90	18
8	90	23
9	90	6

0	130	52
1	130	46
2	130	9
3	130	45
4	130	3
5	130	47
6	130	38
7	130	34
8	130	19
9	130	34

0	111	4
1	111	16
2	111	21
3	111	10
4	111	43
5	111	18
6	111	41
7	111	20
8	111	20
9	111	2

0	97	7
1	97	19
2	97	53
3	97	13
4	97	11
5	97	49
6	97	21
7	97	2
8	97	14
9	97	3

0	79	47
1	79	48
2	79	11
3	79	11
4	79	45
5	79	31
6	79	11
7	79	24
8	79	0
9	79	20

0	49	53
1	49	18
2	49	24
3	49	50
4	49	37
5	49	19
6	49	19
7	49	27
8	49	41
9	49	33

0	55	1
1	55	17
2	55	3
3	55	4
4	55	7
5	55	16
6	55	1
7	55	29
8	55	6
9	55	20

0	98	51
1	98	36
2	98	34
3	98	18
4	98	9
5	98	23
6	98	38
7	98	37
8	98	43
9	98	28

0	290	19
1	290	12
2	290	48
3	290	14
4	290	37
5	290	7
6	290	42
7	290	27
8	290	16
9	290	21

0	56	33
1	56	43
2	56	31
3	56	1
4	56	2
5	56	35
6	56	29
7	56	21
8	56	9
9	56	1

0	166	11
1	166	34
2	166	34
3	166	23
4	166	36
5	166	47
6	166	44
7	166	9
8	166	14
9	166	44

0	28	32
1	28	29
2	28	43
3	28	16
4	28	22
5	28	29
6	28	35
7	28	38
8	28	24
9	28	5

0	25	23
1	25	44
2	25	9
3	25	38
4	25	27
5	25	24
6	25	25
7	25	51
8	25	5
9	25	2

