0	0	7
1	0	19
2	0	36
3	0	15
4	0	53
5	0	24
6	0	4
7	0	44
8	0	33
9	0	27

0	1	53
1	1	43
2	1	48
3	1	9
4	1	27
5	1	44
6	1	41
7	1	32
8	1	32
9	1	34

0	2	1
1	2	26
2	2	20
3	2	34
4	2	42
5	2	14
6	2	14
7	2	18
8	2	19
9	2	34

0	3	30
1	3	15
2	3	4
3	3	30
4	3	17
5	3	4
6	3	35
7	3	39
8	3	21
9	3	20

0	4	38
1	4	16
2	4	40
3	4	39
4	4	3
5	4	51
6	4	20
7	4	14
8	4	26
9	4	48

0	5	28
1	5	20
2	5	3
3	5	42
4	5	13
5	5	1
6	5	39
7	5	9
8	5	27
9	5	53

0	6	34
1	6	3
2	6	46
3	6	0
4	6	8
5	6	16
6	6	25
7	6	15
8	6	46
9	6	25

0	7	38
1	7	48
2	7	37
3	7	25
4	7	10
5	7	46
6	7	30
7	7	17
8	7	20
9	7	18

0	8	53
1	8	8
2	8	24
3	8	23
4	8	31
5	8	45
6	8	42
7	8	6
8	8	36
9	8	4

0	9	21
1	9	9
2	9	13
3	9	26
4	9	35
5	9	28
6	9	30
7	9	50
8	9	42
9	9	47

0	10	20
1	10	31
2	10	4
3	10	5
4	10	25
5	10	6
6	10	40
7	10	31
8	10	49
9	10	11

0	11	27
1	11	36
2	11	20
3	11	16
4	11	34
5	11	37
6	11	48
7	11	42
8	11	50
9	11	26

0	12	7
1	12	26
2	12	23
3	12	15
4	12	14
5	12	40
6	12	49
7	12	25
8	12	13
9	12	28

0	13	24
1	13	37
2	13	1
3	13	6
4	13	27
5	13	22
6	13	35
7	13	4
8	13	4
9	13	51

0	14	45
1	14	18
2	14	53
3	14	38
4	14	24
5	14	52
6	14	28
7	14	46
8	14	20
9	14	16

0	15	28
1	15	39
2	15	52
3	15	1
4	15	2
5	15	30
6	15	19
7	15	49
8	15	34
9	15	30

0	16	53
1	16	17
2	16	9
3	16	43
4	16	18
5	16	20
6	16	41
7	16	52
8	16	5
9	16	38

0	17	17
1	17	19
2	17	10
3	17	17
4	17	50
5	17	26
6	17	13
7	17	33
8	17	40
9	17	24

0	18	16
1	18	5
2	18	35
3	18	18
4	18	44
5	18	42
6	18	14
7	18	3
8	18	16
9	18	43

0	19	32
1	19	49
2	19	11
3	19	44
4	19	49
5	19	48
6	19	7
7	19	46
8	19	50
9	19	4

0	20	45
1	20	18
2	20	16
3	20	50
4	20	27
5	20	21
6	20	52
7	20	0
8	20	48
9	20	0

0	21	1
1	21	23
2	21	4
3	21	29
4	21	35
5	21	14
6	21	3
7	21	15
8	21	8
9	21	16

0	22	40
1	22	53
2	22	33
3	22	25
4	22	3
5	22	44
6	22	31
7	22	38
8	22	22
9	22	43

0	23	42
1	23	51
2	23	10
3	23	51
4	23	6
5	23	13
6	23	5
7	23	49
8	23	15
9	23	5

0	24	35
1	24	35
2	24	22
3	24	14
4	24	20
5	24	9
6	24	50
7	24	21
8	24	51
9	24	47

0	25	3
1	25	3
2	25	25
3	25	4
4	25	7
5	25	51
6	25	17
7	25	15
8	25	0
9	25	32

0	26	19
1	26	16
2	26	29
3	26	15
4	26	40
5	26	52
6	26	28
7	26	37
8	26	14
9	26	49

0	27	34
1	27	47
2	27	3
3	27	36
4	27	32
5	27	27
6	27	53
7	27	12
8	27	50
9	27	29

0	28	25
1	28	29
2	28	52
3	28	10
4	28	31
5	28	53
6	28	44
7	28	36
8	28	51
9	28	31

0	29	39
1	29	8
2	29	31
3	29	47
4	29	33
5	29	16
6	29	18
7	29	48
8	29	48
9	29	30

0	30	51
1	30	43
2	30	16
3	30	13
4	30	28
5	30	2
6	30	41
7	30	4
8	30	39
9	30	14

0	31	41
1	31	32
2	31	39
3	31	40
4	31	29
5	31	9
6	31	31
7	31	42
8	31	18
9	31	30

0	32	52
1	32	53
2	32	2
3	32	23
4	32	14
5	32	12
6	32	1
7	32	7
8	32	13
9	32	45

0	33	44
1	33	25
2	33	18
3	33	37
4	33	12
5	33	45
6	33	53
7	33	23
8	33	11
9	33	14

0	34	50
1	34	21
2	34	0
3	34	29
4	34	2
5	34	37
6	34	34
7	34	20
8	34	38
9	34	8

0	35	1
1	35	4
2	35	2
3	35	38
4	35	34
5	35	27
6	35	46
7	35	41
8	35	0
9	35	16

0	36	39
1	36	10
2	36	28
3	36	9
4	36	35
5	36	48
6	36	27
7	36	35
8	36	35
9	36	22

0	37	30
1	37	47
2	37	24
3	37	17
4	37	53
5	37	19
6	37	2
7	37	0
8	37	16
9	37	24

0	38	36
1	38	6
2	38	51
3	38	15
4	38	21
5	38	19
6	38	12
7	38	47
8	38	33
9	38	1

0	39	40
1	39	14
2	39	25
3	39	28
4	39	48
5	39	46
6	39	38
7	39	18
8	39	32
9	39	36

0	40	22
1	40	30
2	40	0
3	40	2
4	40	31
5	40	40
6	40	4
7	40	22
8	40	45
9	40	26

0	41	21
1	41	51
2	41	6
3	41	35
4	41	16
5	41	49
6	41	26
7	41	7
8	41	29
9	41	41

0	42	35
1	42	18
2	42	52
3	42	30
4	42	7
5	42	15
6	42	29
7	42	45
8	42	42
9	42	20

0	43	18
1	43	15
2	43	16
3	43	13
4	43	37
5	43	17
6	43	16
7	43	52
8	43	12
9	43	29

0	44	37
1	44	5
2	44	53
3	44	23
4	44	12
5	44	30
6	44	35
7	44	35
8	44	53
9	44	18

0	45	29
1	45	39
2	45	50
3	45	53
4	45	21
5	45	28
6	45	13
7	45	16
8	45	7
9	45	2

0	46	18
1	46	52
2	46	43
3	46	45
4	46	43
5	46	25
6	46	46
7	46	40
8	46	14
9	46	24

0	47	7
1	47	32
2	47	49
3	47	32
4	47	25
5	47	49
6	47	17
7	47	32
8	47	4
9	47	29

0	48	12
1	48	37
2	48	50
3	48	50
4	48	39
5	48	36
6	48	35
7	48	21
8	48	17
9	48	7

0	49	33
1	49	38
2	49	20
3	49	25
4	49	14
5	49	33
6	49	33
7	49	14
8	49	52
9	49	9

0	50	28
1	50	53
2	50	17
3	50	48
4	50	51
5	50	52
6	50	45
7	50	29
8	50	2
9	50	44

0	51	14
1	51	3
2	51	53
3	51	44
4	51	8
5	51	45
6	51	7
7	51	19
8	51	18
9	51	43

0	52	39
1	52	49
2	52	27
3	52	26
4	52	21
5	52	29
6	52	5
7	52	3
8	52	6
9	52	35

0	53	50
1	53	50
2	53	23
3	53	46
4	53	4
5	53	28
6	53	22
7	53	2
8	53	49
9	53	6

0	54	0
1	54	30
2	54	30
3	54	51
4	54	29
5	54	13
6	54	27
7	54	27
8	54	31
9	54	15

0	55	25
1	55	24
2	55	14
3	55	10
4	55	15
5	55	40
6	55	18
7	55	17
8	55	38
9	55	21

0	56	24
1	56	46
2	56	11
3	56	18
4	56	50
5	56	47
6	56	51
7	56	41
8	56	30
9	56	30

0	57	12
1	57	48
2	57	48
3	57	49
4	57	18
5	57	19
6	57	29
7	57	0
8	57	18
9	57	17

0	58	22
1	58	35
2	58	22
3	58	11
4	58	51
5	58	37
6	58	15
7	58	18
8	58	29
9	58	41

0	59	27
1	59	15
2	59	20
3	59	9
4	59	31
5	59	38
6	59	19
7	59	40
8	59	22
9	59	30

0	60	3
1	60	9
2	60	15
3	60	4
4	60	35
5	60	16
6	60	41
7	60	7
8	60	35
9	60	3

0	61	31
1	61	51
2	61	53
3	61	7
4	61	47
5	61	25
6	61	17
7	61	43
8	61	39
9	61	35

0	62	38
1	62	40
2	62	46
3	62	6
4	62	0
5	62	52
6	62	6
7	62	36
8	62	48
9	62	19

0	63	6
1	63	34
2	63	8
3	63	27
4	63	23
5	63	4
6	63	26
7	63	8
8	63	10
9	63	29

0	64	29
1	64	39
2	64	46
3	64	0
4	64	2
5	64	41
6	64	16
7	64	19
8	64	43
9	64	4

0	65	7
1	65	36
2	65	8
3	65	24
4	65	10
5	65	46
6	65	5
7	65	38
8	65	30
9	65	34

0	66	1
1	66	29
2	66	10
3	66	12
4	66	12
5	66	34
6	66	22
7	66	0
8	66	13
9	66	30

0	67	18
1	67	0
2	67	42
3	67	47
4	67	38
5	67	2
6	67	39
7	67	27
8	67	19
9	67	0

0	68	2
1	68	45
2	68	18
3	68	16
4	68	44
5	68	23
6	68	50
7	68	29
8	68	46
9	68	32

0	69	6
1	69	1
2	69	25
3	69	46
4	69	0
5	69	25
6	69	31
7	69	26
8	69	11
9	69	46

0	70	53
1	70	24
2	70	39
3	70	53
4	70	29
5	70	13
6	70	9
7	70	36
8	70	32
9	70	51

0	71	15
1	71	32
2	71	37
3	71	36
4	71	52
5	71	53
6	71	32
7	71	13
8	71	46
9	71	33

0	72	11
1	72	38
2	72	20
3	72	8
4	72	33
5	72	37
6	72	4
7	72	48
8	72	2
9	72	53

0	73	48
1	73	2
2	73	17
3	73	3
4	73	9
5	73	45
6	73	40
7	73	4
8	73	29
9	73	27

0	74	10
1	74	31
2	74	12
3	74	17
4	74	24
5	74	11
6	74	8
7	74	14
8	74	52
9	74	44

0	75	43
1	75	39
2	75	50
3	75	12
4	75	43
5	75	42
6	75	23
7	75	11
8	75	52
9	75	13

0	76	51
1	76	41
2	76	17
3	76	14
4	76	53
5	76	11
6	76	40
7	76	30
8	76	47
9	76	50

0	77	36
1	77	45
2	77	38
3	77	11
4	77	23
5	77	45
6	77	42
7	77	43
8	77	3
9	77	33

0	78	35
1	78	14
2	78	17
3	78	12
4	78	38
5	78	22
6	78	26
7	78	46
8	78	52
9	78	20

0	79	15
1	79	18
2	79	40
3	79	42
4	79	32
5	79	30
6	79	25
7	79	43
8	79	41
9	79	51

0	80	16
1	80	20
2	80	16
3	80	21
4	80	50
5	80	21
6	80	34
7	80	39
8	80	36
9	80	47

0	81	23
1	81	12
2	81	15
3	81	40
4	81	44
5	81	40
6	81	16
7	81	25
8	81	1
9	81	40

0	82	16
1	82	6
2	82	28
3	82	42
4	82	8
5	82	35
6	82	52
7	82	23
8	82	43
9	82	13

0	83	3
1	83	11
2	83	43
3	83	21
4	83	25
5	83	7
6	83	29
7	83	44
8	83	17
9	83	9

0	84	2
1	84	0
2	84	11
3	84	19
4	84	39
5	84	32
6	84	23
7	84	28
8	84	21
9	84	26

0	85	32
1	85	49
2	85	22
3	85	20
4	85	35
5	85	10
6	85	18
7	85	30
8	85	0
9	85	47

0	86	8
1	86	10
2	86	28
3	86	12
4	86	9
5	86	12
6	86	8
7	86	7
8	86	46
9	86	10

0	87	49
1	87	38
2	87	40
3	87	48
4	87	29
5	87	23
6	87	33
7	87	51
8	87	3
9	87	29

0	88	11
1	88	39
2	88	36
3	88	6
4	88	0
5	88	48
6	88	35
7	88	35
8	88	40
9	88	35

0	89	24
1	89	31
2	89	8
3	89	11
4	89	48
5	89	43
6	89	52
7	89	5
8	89	5
9	89	34

0	90	17
1	90	9
2	90	19
3	90	24
4	90	38
5	90	41
6	90	46
7	90	12
8	90	18
9	90	0

0	91	12
1	91	43
2	91	31
3	91	38
4	91	44
5	91	15
6	91	20
7	91	29
8	91	34
9	91	13

0	92	43
1	92	50
2	92	12
3	92	21
4	92	8
5	92	31
6	92	5
7	92	28
8	92	53
9	92	48

0	93	41
1	93	16
2	93	46
3	93	50
4	93	53
5	93	52
6	93	47
7	93	37
8	93	2
9	93	30

0	94	20
1	94	8
2	94	24
3	94	38
4	94	5
5	94	52
6	94	2
7	94	3
8	94	42
9	94	6

0	95	23
1	95	25
2	95	10
3	95	6
4	95	26
5	95	30
6	95	52
7	95	25
8	95	28
9	95	33

0	96	45
1	96	36
2	96	4
3	96	47
4	96	44
5	96	12
6	96	13
7	96	12
8	96	37
9	96	20

0	97	11
1	97	13
2	97	39
3	97	21
4	97	19
5	97	10
6	97	1
7	97	35
8	97	47
9	97	11

0	98	51
1	98	16
2	98	40
3	98	52
4	98	28
5	98	14
6	98	26
7	98	47
8	98	49
9	98	22

0	99	49
1	99	6
2	99	45
3	99	43
4	99	50
5	99	45
6	99	3
7	99	11
8	99	43
9	99	45

0	100	1
1	100	11
2	100	48
3	100	53
4	100	29
5	100	50
6	100	0
7	100	37
8	100	50
9	100	25

0	101	32
1	101	39
2	101	51
3	101	4
4	101	46
5	101	9
6	101	18
7	101	48
8	101	3
9	101	30

0	102	6
1	102	21
2	102	46
3	102	32
4	102	33
5	102	34
6	102	44
7	102	24
8	102	30
9	102	40

0	103	3
1	103	20
2	103	51
3	103	40
4	103	50
5	103	17
6	103	9
7	103	43
8	103	23
9	103	48

0	104	4
1	104	51
2	104	44
3	104	29
4	104	7
5	104	32
6	104	3
7	104	4
8	104	51
9	104	32

0	105	15
1	105	45
2	105	19
3	105	0
4	105	51
5	105	6
6	105	12
7	105	45
8	105	32
9	105	46

0	106	2
1	106	52
2	106	25
3	106	44
4	106	48
5	106	4
6	106	0
7	106	49
8	106	52
9	106	10

0	107	4
1	107	27
2	107	9
3	107	24
4	107	17
5	107	43
6	107	45
7	107	51
8	107	42
9	107	39

0	108	23
1	108	37
2	108	43
3	108	45
4	108	7
5	108	51
6	108	33
7	108	27
8	108	12
9	108	24

0	109	22
1	109	17
2	109	49
3	109	10
4	109	26
5	109	3
6	109	51
7	109	53
8	109	11
9	109	29

0	110	47
1	110	30
2	110	44
3	110	40
4	110	7
5	110	39
6	110	50
7	110	34
8	110	40
9	110	29

0	111	25
1	111	36
2	111	4
3	111	22
4	111	12
5	111	34
6	111	13
7	111	5
8	111	36
9	111	31

0	112	35
1	112	40
2	112	5
3	112	1
4	112	22
5	112	47
6	112	47
7	112	28
8	112	20
9	112	5

0	113	48
1	113	53
2	113	3
3	113	16
4	113	34
5	113	17
6	113	17
7	113	25
8	113	12
9	113	44

0	114	43
1	114	38
2	114	20
3	114	28
4	114	21
5	114	28
6	114	53
7	114	41
8	114	25
9	114	47

0	115	28
1	115	14
2	115	42
3	115	30
4	115	13
5	115	37
6	115	43
7	115	52
8	115	6
9	115	48

0	116	49
1	116	32
2	116	46
3	116	35
4	116	30
5	116	27
6	116	11
7	116	38
8	116	29
9	116	23

0	117	36
1	117	49
2	117	21
3	117	23
4	117	36
5	117	10
6	117	15
7	117	31
8	117	13
9	117	46

0	118	52
1	118	16
2	118	7
3	118	23
4	118	9
5	118	52
6	118	7
7	118	10
8	118	35
9	118	35

0	119	4
1	119	39
2	119	11
3	119	42
4	119	10
5	119	40
6	119	12
7	119	9
8	119	14
9	119	25

0	120	16
1	120	3
2	120	15
3	120	24
4	120	15
5	120	6
6	120	22
7	120	23
8	120	46
9	120	31

0	121	18
1	121	24
2	121	18
3	121	25
4	121	37
5	121	10
6	121	30
7	121	46
8	121	15
9	121	4

0	122	44
1	122	44
2	122	1
3	122	38
4	122	32
5	122	32
6	122	16
7	122	17
8	122	39
9	122	12

0	123	30
1	123	10
2	123	50
3	123	28
4	123	51
5	123	22
6	123	44
7	123	12
8	123	42
9	123	51

0	124	41
1	124	8
2	124	47
3	124	32
4	124	12
5	124	6
6	124	3
7	124	33
8	124	38
9	124	52

0	125	4
1	125	52
2	125	35
3	125	20
4	125	8
5	125	25
6	125	5
7	125	44
8	125	14
9	125	46

0	126	32
1	126	13
2	126	26
3	126	37
4	126	34
5	126	46
6	126	1
7	126	27
8	126	44
9	126	26

0	127	50
1	127	47
2	127	27
3	127	29
4	127	41
5	127	46
6	127	53
7	127	6
8	127	24
9	127	16

0	128	4
1	128	0
2	128	37
3	128	5
4	128	42
5	128	51
6	128	1
7	128	44
8	128	49
9	128	26

0	129	34
1	129	9
2	129	31
3	129	44
4	129	32
5	129	8
6	129	17
7	129	21
8	129	29
9	129	44

0	130	42
1	130	29
2	130	37
3	130	0
4	130	24
5	130	53
6	130	12
7	130	13
8	130	15
9	130	16

0	131	9
1	131	15
2	131	49
3	131	23
4	131	36
5	131	46
6	131	42
7	131	39
8	131	0
9	131	25

0	132	25
1	132	22
2	132	16
3	132	9
4	132	22
5	132	30
6	132	51
7	132	41
8	132	38
9	132	42

0	133	8
1	133	8
2	133	30
3	133	1
4	133	47
5	133	7
6	133	41
7	133	6
8	133	48
9	133	14

0	134	4
1	134	25
2	134	26
3	134	26
4	134	21
5	134	35
6	134	46
7	134	29
8	134	2
9	134	47

0	135	18
1	135	43
2	135	42
3	135	18
4	135	33
5	135	18
6	135	38
7	135	25
8	135	28
9	135	10

0	136	19
1	136	41
2	136	38
3	136	35
4	136	49
5	136	29
6	136	6
7	136	27
8	136	5
9	136	43

0	137	43
1	137	26
2	137	13
3	137	0
4	137	15
5	137	16
6	137	40
7	137	42
8	137	43
9	137	25

0	138	43
1	138	38
2	138	16
3	138	13
4	138	1
5	138	53
6	138	46
7	138	43
8	138	11
9	138	12

0	139	29
1	139	35
2	139	28
3	139	27
4	139	53
5	139	8
6	139	11
7	139	21
8	139	14
9	139	1

0	140	32
1	140	46
2	140	32
3	140	24
4	140	32
5	140	24
6	140	2
7	140	10
8	140	23
9	140	23

0	141	46
1	141	1
2	141	28
3	141	7
4	141	11
5	141	34
6	141	8
7	141	32
8	141	3
9	141	19

0	142	40
1	142	38
2	142	31
3	142	22
4	142	13
5	142	14
6	142	3
7	142	13
8	142	11
9	142	49

0	143	33
1	143	17
2	143	39
3	143	15
4	143	4
5	143	9
6	143	43
7	143	2
8	143	50
9	143	22

0	144	5
1	144	0
2	144	27
3	144	12
4	144	45
5	144	50
6	144	24
7	144	22
8	144	33
9	144	9

0	145	6
1	145	2
2	145	18
3	145	14
4	145	48
5	145	36
6	145	49
7	145	34
8	145	8
9	145	16

0	146	36
1	146	44
2	146	26
3	146	1
4	146	27
5	146	28
6	146	45
7	146	44
8	146	44
9	146	13

0	147	23
1	147	25
2	147	32
3	147	32
4	147	36
5	147	11
6	147	20
7	147	52
8	147	27
9	147	4

0	148	51
1	148	50
2	148	8
3	148	29
4	148	20
5	148	0
6	148	26
7	148	21
8	148	9
9	148	0

0	149	30
1	149	29
2	149	9
3	149	42
4	149	35
5	149	15
6	149	17
7	149	17
8	149	21
9	149	34

0	150	11
1	150	6
2	150	0
3	150	46
4	150	24
5	150	5
6	150	15
7	150	12
8	150	48
9	150	52

0	151	16
1	151	12
2	151	48
3	151	28
4	151	51
5	151	42
6	151	46
7	151	26
8	151	41
9	151	2

0	152	47
1	152	10
2	152	43
3	152	39
4	152	22
5	152	35
6	152	23
7	152	0
8	152	52
9	152	45

0	153	52
1	153	13
2	153	42
3	153	34
4	153	29
5	153	47
6	153	52
7	153	41
8	153	46
9	153	10

0	154	50
1	154	27
2	154	11
3	154	13
4	154	38
5	154	8
6	154	37
7	154	39
8	154	22
9	154	40

0	155	23
1	155	37
2	155	33
3	155	8
4	155	36
5	155	30
6	155	10
7	155	35
8	155	26
9	155	4

0	156	24
1	156	28
2	156	47
3	156	11
4	156	5
5	156	28
6	156	32
7	156	44
8	156	20
9	156	40

0	157	17
1	157	7
2	157	10
3	157	36
4	157	12
5	157	48
6	157	4
7	157	26
8	157	36
9	157	48

0	158	48
1	158	37
2	158	13
3	158	41
4	158	20
5	158	34
6	158	9
7	158	31
8	158	24
9	158	50

0	159	6
1	159	8
2	159	39
3	159	20
4	159	52
5	159	45
6	159	19
7	159	3
8	159	42
9	159	1

0	160	52
1	160	22
2	160	36
3	160	39
4	160	30
5	160	19
6	160	49
7	160	34
8	160	34
9	160	0

0	161	13
1	161	4
2	161	17
3	161	31
4	161	15
5	161	36
6	161	34
7	161	25
8	161	21
9	161	38

0	162	25
1	162	43
2	162	37
3	162	9
4	162	38
5	162	7
6	162	35
7	162	27
8	162	31
9	162	41

0	163	35
1	163	48
2	163	35
3	163	19
4	163	27
5	163	24
6	163	41
7	163	18
8	163	4
9	163	2

0	164	7
1	164	1
2	164	3
3	164	16
4	164	0
5	164	27
6	164	14
7	164	0
8	164	18
9	164	1

0	165	10
1	165	7
2	165	16
3	165	53
4	165	1
5	165	47
6	165	28
7	165	1
8	165	37
9	165	38

0	166	27
1	166	4
2	166	0
3	166	43
4	166	15
5	166	23
6	166	6
7	166	26
8	166	38
9	166	52

0	167	2
1	167	4
2	167	40
3	167	17
4	167	16
5	167	31
6	167	4
7	167	16
8	167	24
9	167	40

0	168	4
1	168	40
2	168	26
3	168	24
4	168	7
5	168	47
6	168	23
7	168	46
8	168	52
9	168	7

0	169	25
1	169	31
2	169	29
3	169	28
4	169	52
5	169	35
6	169	30
7	169	17
8	169	42
9	169	31

0	170	51
1	170	7
2	170	49
3	170	42
4	170	8
5	170	34
6	170	21
7	170	51
8	170	12
9	170	28

0	171	46
1	171	44
2	171	29
3	171	13
4	171	40
5	171	35
6	171	23
7	171	40
8	171	48
9	171	45

0	172	34
1	172	19
2	172	31
3	172	50
4	172	3
5	172	22
6	172	43
7	172	7
8	172	14
9	172	2

0	173	32
1	173	47
2	173	0
3	173	26
4	173	22
5	173	43
6	173	36
7	173	30
8	173	46
9	173	46

0	174	0
1	174	33
2	174	47
3	174	47
4	174	6
5	174	33
6	174	40
7	174	15
8	174	16
9	174	12

0	175	45
1	175	4
2	175	13
3	175	0
4	175	19
5	175	31
6	175	7
7	175	33
8	175	43
9	175	52

0	176	10
1	176	45
2	176	35
3	176	43
4	176	5
5	176	12
6	176	3
7	176	24
8	176	52
9	176	27

0	177	31
1	177	20
2	177	20
3	177	46
4	177	34
5	177	16
6	177	37
7	177	13
8	177	13
9	177	44

0	178	46
1	178	15
2	178	3
3	178	10
4	178	19
5	178	15
6	178	24
7	178	5
8	178	22
9	178	24

0	179	42
1	179	37
2	179	6
3	179	28
4	179	42
5	179	42
6	179	2
7	179	0
8	179	5
9	179	24

0	180	19
1	180	27
2	180	24
3	180	53
4	180	43
5	180	3
6	180	3
7	180	8
8	180	22
9	180	32

0	181	33
1	181	18
2	181	15
3	181	50
4	181	20
5	181	51
6	181	48
7	181	17
8	181	26
9	181	37

0	182	22
1	182	32
2	182	5
3	182	14
4	182	51
5	182	23
6	182	20
7	182	47
8	182	51
9	182	25

0	183	7
1	183	7
2	183	12
3	183	34
4	183	31
5	183	12
6	183	31
7	183	13
8	183	38
9	183	15

0	184	33
1	184	9
2	184	11
3	184	49
4	184	33
5	184	33
6	184	48
7	184	12
8	184	1
9	184	30

0	185	5
1	185	46
2	185	1
3	185	5
4	185	0
5	185	25
6	185	23
7	185	44
8	185	50
9	185	32

0	186	41
1	186	40
2	186	19
3	186	10
4	186	1
5	186	26
6	186	29
7	186	31
8	186	11
9	186	27

0	187	4
1	187	33
2	187	49
3	187	16
4	187	27
5	187	1
6	187	40
7	187	4
8	187	0
9	187	15

0	188	14
1	188	12
2	188	53
3	188	32
4	188	39
5	188	50
6	188	24
7	188	4
8	188	47
9	188	40

0	189	51
1	189	11
2	189	51
3	189	36
4	189	29
5	189	37
6	189	9
7	189	45
8	189	13
9	189	10

0	190	13
1	190	46
2	190	27
3	190	40
4	190	14
5	190	14
6	190	53
7	190	41
8	190	30
9	190	6

0	191	14
1	191	11
2	191	36
3	191	12
4	191	28
5	191	19
6	191	35
7	191	18
8	191	13
9	191	16

0	192	39
1	192	15
2	192	30
3	192	6
4	192	13
5	192	26
6	192	27
7	192	13
8	192	50
9	192	28

0	193	1
1	193	12
2	193	46
3	193	34
4	193	31
5	193	37
6	193	21
7	193	4
8	193	43
9	193	7

0	194	42
1	194	25
2	194	23
3	194	8
4	194	2
5	194	8
6	194	53
7	194	22
8	194	12
9	194	2

0	195	16
1	195	52
2	195	39
3	195	23
4	195	52
5	195	32
6	195	2
7	195	29
8	195	36
9	195	19

0	196	40
1	196	36
2	196	4
3	196	21
4	196	11
5	196	0
6	196	22
7	196	27
8	196	51
9	196	46

0	197	0
1	197	30
2	197	14
3	197	31
4	197	30
5	197	38
6	197	1
7	197	35
8	197	10
9	197	41

0	198	22
1	198	33
2	198	1
3	198	53
4	198	26
5	198	2
6	198	44
7	198	37
8	198	32
9	198	29

0	199	2
1	199	25
2	199	5
3	199	35
4	199	44
5	199	32
6	199	22
7	199	1
8	199	42
9	199	25

0	200	19
1	200	52
2	200	25
3	200	25
4	200	8
5	200	17
6	200	28
7	200	23
8	200	8
9	200	5

0	201	28
1	201	40
2	201	52
3	201	15
4	201	27
5	201	2
6	201	43
7	201	30
8	201	43
9	201	26

0	202	31
1	202	5
2	202	6
3	202	44
4	202	43
5	202	34
6	202	36
7	202	42
8	202	52
9	202	11

0	203	20
1	203	8
2	203	37
3	203	45
4	203	29
5	203	15
6	203	16
7	203	53
8	203	17
9	203	22

0	204	39
1	204	18
2	204	29
3	204	37
4	204	2
5	204	51
6	204	42
7	204	38
8	204	11
9	204	18

0	205	3
1	205	29
2	205	26
3	205	1
4	205	51
5	205	27
6	205	0
7	205	44
8	205	25
9	205	27

0	206	18
1	206	0
2	206	47
3	206	20
4	206	11
5	206	16
6	206	28
7	206	27
8	206	2
9	206	24

0	207	17
1	207	16
2	207	40
3	207	2
4	207	21
5	207	0
6	207	36
7	207	43
8	207	23
9	207	37

0	208	29
1	208	20
2	208	31
3	208	51
4	208	13
5	208	12
6	208	3
7	208	30
8	208	1
9	208	6

0	209	23
1	209	49
2	209	3
3	209	1
4	209	3
5	209	42
6	209	35
7	209	45
8	209	12
9	209	23

0	210	31
1	210	32
2	210	44
3	210	10
4	210	31
5	210	48
6	210	40
7	210	41
8	210	17
9	210	49

0	211	5
1	211	28
2	211	7
3	211	7
4	211	49
5	211	3
6	211	28
7	211	50
8	211	39
9	211	33

0	212	38
1	212	22
2	212	37
3	212	24
4	212	15
5	212	8
6	212	49
7	212	14
8	212	28
9	212	44

0	213	15
1	213	53
2	213	41
3	213	34
4	213	43
5	213	28
6	213	48
7	213	37
8	213	41
9	213	48

0	214	53
1	214	46
2	214	21
3	214	44
4	214	28
5	214	52
6	214	25
7	214	46
8	214	31
9	214	15

0	215	8
1	215	26
2	215	1
3	215	47
4	215	7
5	215	15
6	215	31
7	215	42
8	215	30
9	215	9

0	216	30
1	216	3
2	216	44
3	216	33
4	216	25
5	216	48
6	216	53
7	216	12
8	216	37
9	216	3

0	217	15
1	217	10
2	217	9
3	217	14
4	217	32
5	217	12
6	217	36
7	217	45
8	217	37
9	217	31

0	218	1
1	218	43
2	218	19
3	218	19
4	218	4
5	218	49
6	218	19
7	218	46
8	218	12
9	218	11

0	219	53
1	219	3
2	219	52
3	219	12
4	219	12
5	219	0
6	219	32
7	219	47
8	219	25
9	219	2

0	220	50
1	220	8
2	220	27
3	220	24
4	220	30
5	220	41
6	220	42
7	220	11
8	220	7
9	220	14

0	221	10
1	221	23
2	221	17
3	221	47
4	221	38
5	221	11
6	221	34
7	221	35
8	221	36
9	221	13

0	222	39
1	222	46
2	222	29
3	222	5
4	222	36
5	222	35
6	222	49
7	222	34
8	222	22
9	222	43

0	223	51
1	223	24
2	223	47
3	223	53
4	223	8
5	223	1
6	223	11
7	223	25
8	223	48
9	223	8

0	224	6
1	224	29
2	224	38
3	224	8
4	224	40
5	224	28
6	224	39
7	224	8
8	224	12
9	224	43

0	225	28
1	225	50
2	225	52
3	225	53
4	225	25
5	225	41
6	225	12
7	225	3
8	225	39
9	225	30

0	226	16
1	226	46
2	226	11
3	226	25
4	226	3
5	226	8
6	226	1
7	226	12
8	226	40
9	226	35

0	227	34
1	227	49
2	227	43
3	227	24
4	227	1
5	227	38
6	227	20
7	227	37
8	227	29
9	227	40

0	228	52
1	228	6
2	228	15
3	228	7
4	228	31
5	228	6
6	228	10
7	228	34
8	228	49
9	228	25

0	229	2
1	229	44
2	229	27
3	229	8
4	229	40
5	229	28
6	229	39
7	229	37
8	229	3
9	229	38

0	230	45
1	230	40
2	230	40
3	230	42
4	230	37
5	230	22
6	230	7
7	230	52
8	230	27
9	230	24

0	231	38
1	231	1
2	231	48
3	231	46
4	231	12
5	231	26
6	231	21
7	231	24
8	231	9
9	231	20

0	232	7
1	232	42
2	232	2
3	232	34
4	232	48
5	232	48
6	232	47
7	232	46
8	232	17
9	232	35

0	233	33
1	233	21
2	233	36
3	233	30
4	233	14
5	233	10
6	233	9
7	233	16
8	233	51
9	233	4

0	234	34
1	234	12
2	234	21
3	234	51
4	234	40
5	234	38
6	234	8
7	234	38
8	234	53
9	234	53

0	235	14
1	235	4
2	235	22
3	235	8
4	235	20
5	235	33
6	235	23
7	235	39
8	235	52
9	235	25

0	236	4
1	236	31
2	236	48
3	236	34
4	236	35
5	236	13
6	236	14
7	236	49
8	236	30
9	236	25

0	237	8
1	237	43
2	237	49
3	237	32
4	237	26
5	237	16
6	237	10
7	237	50
8	237	25
9	237	42

0	238	26
1	238	16
2	238	10
3	238	2
4	238	50
5	238	2
6	238	15
7	238	14
8	238	0
9	238	33

0	239	2
1	239	35
2	239	14
3	239	38
4	239	30
5	239	46
6	239	0
7	239	9
8	239	33
9	239	38

0	240	3
1	240	21
2	240	42
3	240	26
4	240	38
5	240	39
6	240	32
7	240	10
8	240	17
9	240	2

0	241	51
1	241	5
2	241	22
3	241	50
4	241	16
5	241	30
6	241	38
7	241	31
8	241	15
9	241	1

0	242	35
1	242	39
2	242	17
3	242	6
4	242	0
5	242	20
6	242	11
7	242	52
8	242	11
9	242	1

0	243	49
1	243	43
2	243	50
3	243	18
4	243	38
5	243	5
6	243	50
7	243	3
8	243	12
9	243	9

0	244	16
1	244	27
2	244	15
3	244	12
4	244	33
5	244	3
6	244	45
7	244	19
8	244	25
9	244	50

0	245	42
1	245	47
2	245	28
3	245	4
4	245	3
5	245	1
6	245	50
7	245	16
8	245	24
9	245	20

0	246	1
1	246	24
2	246	7
3	246	48
4	246	45
5	246	27
6	246	0
7	246	43
8	246	34
9	246	7

0	247	22
1	247	33
2	247	11
3	247	37
4	247	4
5	247	44
6	247	44
7	247	1
8	247	45
9	247	11

0	248	13
1	248	29
2	248	10
3	248	16
4	248	27
5	248	7
6	248	1
7	248	14
8	248	16
9	248	13

0	249	39
1	249	6
2	249	18
3	249	44
4	249	36
5	249	5
6	249	22
7	249	31
8	249	30
9	249	46

0	250	10
1	250	11
2	250	20
3	250	18
4	250	46
5	250	38
6	250	44
7	250	24
8	250	22
9	250	35

0	251	25
1	251	20
2	251	39
3	251	50
4	251	4
5	251	35
6	251	23
7	251	25
8	251	26
9	251	3

0	252	28
1	252	42
2	252	37
3	252	26
4	252	51
5	252	41
6	252	48
7	252	46
8	252	51
9	252	14

0	253	15
1	253	17
2	253	45
3	253	51
4	253	28
5	253	14
6	253	39
7	253	13
8	253	15
9	253	51

0	254	7
1	254	53
2	254	12
3	254	53
4	254	6
5	254	2
6	254	6
7	254	10
8	254	42
9	254	17

0	255	19
1	255	43
2	255	12
3	255	1
4	255	38
5	255	11
6	255	26
7	255	5
8	255	7
9	255	21

0	256	21
1	256	13
2	256	43
3	256	32
4	256	52
5	256	17
6	256	7
7	256	35
8	256	33
9	256	36

0	257	39
1	257	32
2	257	40
3	257	39
4	257	42
5	257	2
6	257	37
7	257	47
8	257	11
9	257	12

0	258	40
1	258	45
2	258	32
3	258	41
4	258	9
5	258	18
6	258	12
7	258	28
8	258	6
9	258	37

0	259	27
1	259	50
2	259	1
3	259	36
4	259	53
5	259	31
6	259	27
7	259	32
8	259	40
9	259	9

0	260	45
1	260	5
2	260	47
3	260	24
4	260	40
5	260	47
6	260	8
7	260	33
8	260	47
9	260	6

0	261	6
1	261	28
2	261	35
3	261	17
4	261	5
5	261	33
6	261	34
7	261	37
8	261	41
9	261	1

0	262	16
1	262	27
2	262	36
3	262	42
4	262	7
5	262	37
6	262	31
7	262	2
8	262	37
9	262	28

0	263	17
1	263	52
2	263	38
3	263	29
4	263	36
5	263	21
6	263	38
7	263	40
8	263	14
9	263	18

0	264	42
1	264	0
2	264	16
3	264	5
4	264	20
5	264	46
6	264	28
7	264	39
8	264	24
9	264	5

0	265	26
1	265	30
2	265	19
3	265	35
4	265	0
5	265	26
6	265	41
7	265	20
8	265	5
9	265	41

0	266	20
1	266	10
2	266	53
3	266	48
4	266	23
5	266	53
6	266	18
7	266	29
8	266	39
9	266	24

0	267	10
1	267	31
2	267	12
3	267	35
4	267	49
5	267	12
6	267	1
7	267	0
8	267	0
9	267	11

0	268	51
1	268	14
2	268	9
3	268	28
4	268	53
5	268	25
6	268	8
7	268	0
8	268	22
9	268	6

0	269	29
1	269	22
2	269	12
3	269	13
4	269	50
5	269	52
6	269	53
7	269	40
8	269	49
9	269	37

0	270	32
1	270	25
2	270	33
3	270	9
4	270	46
5	270	40
6	270	50
7	270	30
8	270	28
9	270	7

0	271	28
1	271	19
2	271	28
3	271	0
4	271	13
5	271	31
6	271	22
7	271	51
8	271	3
9	271	26

0	272	42
1	272	35
2	272	24
3	272	39
4	272	39
5	272	14
6	272	18
7	272	29
8	272	33
9	272	8

0	273	11
1	273	10
2	273	13
3	273	8
4	273	11
5	273	19
6	273	47
7	273	26
8	273	26
9	273	47

0	274	29
1	274	24
2	274	44
3	274	4
4	274	39
5	274	9
6	274	30
7	274	38
8	274	36
9	274	15

0	275	11
1	275	26
2	275	25
3	275	28
4	275	14
5	275	49
6	275	11
7	275	47
8	275	11
9	275	45

0	276	23
1	276	30
2	276	4
3	276	42
4	276	52
5	276	23
6	276	38
7	276	31
8	276	34
9	276	49

0	277	18
1	277	27
2	277	39
3	277	37
4	277	53
5	277	3
6	277	53
7	277	6
8	277	43
9	277	41

0	278	44
1	278	37
2	278	53
3	278	3
4	278	23
5	278	5
6	278	27
7	278	29
8	278	21
9	278	19

0	279	14
1	279	15
2	279	8
3	279	22
4	279	6
5	279	24
6	279	34
7	279	40
8	279	12
9	279	48

0	280	8
1	280	17
2	280	24
3	280	10
4	280	46
5	280	45
6	280	45
7	280	50
8	280	1
9	280	51

0	281	16
1	281	33
2	281	7
3	281	45
4	281	47
5	281	4
6	281	5
7	281	53
8	281	21
9	281	47

0	282	13
1	282	45
2	282	20
3	282	20
4	282	52
5	282	49
6	282	8
7	282	37
8	282	28
9	282	20

0	283	2
1	283	27
2	283	10
3	283	19
4	283	50
5	283	33
6	283	2
7	283	1
8	283	2
9	283	2

0	284	4
1	284	29
2	284	52
3	284	46
4	284	49
5	284	27
6	284	19
7	284	19
8	284	36
9	284	50

0	285	41
1	285	34
2	285	4
3	285	21
4	285	36
5	285	14
6	285	10
7	285	32
8	285	29
9	285	45

0	286	20
1	286	23
2	286	6
3	286	53
4	286	16
5	286	20
6	286	22
7	286	20
8	286	13
9	286	15

0	287	9
1	287	20
2	287	22
3	287	23
4	287	33
5	287	38
6	287	6
7	287	24
8	287	24
9	287	9

0	288	22
1	288	18
2	288	42
3	288	16
4	288	17
5	288	44
6	288	23
7	288	22
8	288	41
9	288	7

0	289	40
1	289	1
2	289	8
3	289	6
4	289	24
5	289	16
6	289	39
7	289	23
8	289	3
9	289	43

0	290	26
1	290	3
2	290	30
3	290	25
4	290	47
5	290	50
6	290	33
7	290	6
8	290	40
9	290	18

0	291	19
1	291	14
2	291	37
3	291	14
4	291	19
5	291	12
6	291	49
7	291	53
8	291	46
9	291	33

0	292	44
1	292	45
2	292	5
3	292	38
4	292	51
5	292	31
6	292	0
7	292	28
8	292	27
9	292	24

0	293	28
1	293	26
2	293	20
3	293	42
4	293	13
5	293	11
6	293	37
7	293	29
8	293	28
9	293	34

0	294	17
1	294	37
2	294	40
3	294	37
4	294	15
5	294	21
6	294	47
7	294	1
8	294	48
9	294	1

0	295	16
1	295	5
2	295	24
3	295	34
4	295	14
5	295	41
6	295	31
7	295	30
8	295	0
9	295	22

0	296	1
1	296	22
2	296	21
3	296	33
4	296	50
5	296	1
6	296	40
7	296	53
8	296	47
9	296	51

0	297	29
1	297	48
2	297	2
3	297	48
4	297	27
5	297	10
6	297	5
7	297	13
8	297	26
9	297	52

0	298	5
1	298	22
2	298	0
3	298	15
4	298	21
5	298	7
6	298	24
7	298	18
8	298	46
9	298	0

0	299	2
1	299	16
2	299	35
3	299	49
4	299	2
5	299	4
6	299	26
7	299	9
8	299	23
9	299	48

0	300	15
1	300	11
2	300	51
3	300	18
4	300	7
5	300	52
6	300	6
7	300	3
8	300	52
9	300	35

0	301	3
1	301	0
2	301	30
3	301	36
4	301	51
5	301	23
6	301	8
7	301	37
8	301	44
9	301	27

0	302	21
1	302	2
2	302	27
3	302	17
4	302	45
5	302	15
6	302	7
7	302	41
8	302	31
9	302	19

0	303	43
1	303	19
2	303	3
3	303	14
4	303	46
5	303	36
6	303	13
7	303	50
8	303	20
9	303	37

0	304	47
1	304	0
2	304	32
3	304	28
4	304	44
5	304	18
6	304	35
7	304	0
8	304	2
9	304	35

0	305	18
1	305	12
2	305	1
3	305	2
4	305	42
5	305	23
6	305	8
7	305	44
8	305	45
9	305	40

0	306	7
1	306	27
2	306	2
3	306	30
4	306	20
5	306	49
6	306	20
7	306	43
8	306	24
9	306	4

0	307	18
1	307	7
2	307	34
3	307	10
4	307	50
5	307	40
6	307	28
7	307	12
8	307	39
9	307	18

0	308	2
1	308	48
2	308	29
3	308	30
4	308	21
5	308	4
6	308	16
7	308	36
8	308	42
9	308	10

0	309	6
1	309	9
2	309	7
3	309	29
4	309	3
5	309	46
6	309	48
7	309	31
8	309	17
9	309	20

0	310	32
1	310	5
2	310	50
3	310	32
4	310	3
5	310	8
6	310	16
7	310	14
8	310	15
9	310	39

0	311	20
1	311	15
2	311	41
3	311	27
4	311	39
5	311	9
6	311	19
7	311	18
8	311	35
9	311	49

0	312	15
1	312	44
2	312	22
3	312	36
4	312	3
5	312	34
6	312	22
7	312	30
8	312	53
9	312	30

0	313	6
1	313	51
2	313	30
3	313	44
4	313	47
5	313	40
6	313	44
7	313	7
8	313	22
9	313	45

0	314	10
1	314	47
2	314	22
3	314	12
4	314	42
5	314	37
6	314	0
7	314	37
8	314	12
9	314	34

0	315	42
1	315	24
2	315	20
3	315	24
4	315	25
5	315	50
6	315	45
7	315	37
8	315	47
9	315	53

0	316	34
1	316	33
2	316	30
3	316	48
4	316	12
5	316	45
6	316	12
7	316	52
8	316	16
9	316	16

0	317	49
1	317	47
2	317	23
3	317	39
4	317	26
5	317	38
6	317	2
7	317	51
8	317	42
9	317	31

0	318	34
1	318	35
2	318	9
3	318	32
4	318	28
5	318	20
6	318	17
7	318	34
8	318	4
9	318	2

0	319	8
1	319	31
2	319	2
3	319	49
4	319	33
5	319	46
6	319	53
7	319	33
8	319	40
9	319	40

0	320	6
1	320	21
2	320	16
3	320	17
4	320	25
5	320	30
6	320	43
7	320	14
8	320	3
9	320	12

0	321	13
1	321	41
2	321	44
3	321	22
4	321	16
5	321	18
6	321	35
7	321	2
8	321	14
9	321	1

0	322	34
1	322	19
2	322	40
3	322	20
4	322	34
5	322	30
6	322	53
7	322	21
8	322	48
9	322	3

0	323	49
1	323	33
2	323	6
3	323	20
4	323	35
5	323	41
6	323	48
7	323	34
8	323	0
9	323	5

0	324	21
1	324	52
2	324	26
3	324	44
4	324	20
5	324	20
6	324	32
7	324	10
8	324	13
9	324	26

0	325	23
1	325	11
2	325	26
3	325	44
4	325	8
5	325	28
6	325	51
7	325	43
8	325	53
9	325	20

0	326	8
1	326	14
2	326	35
3	326	42
4	326	33
5	326	50
6	326	32
7	326	40
8	326	5
9	326	36

0	327	23
1	327	36
2	327	9
3	327	52
4	327	47
5	327	23
6	327	25
7	327	52
8	327	6
9	327	38

0	328	11
1	328	5
2	328	47
3	328	18
4	328	49
5	328	2
6	328	23
7	328	24
8	328	38
9	328	50

0	329	6
1	329	35
2	329	36
3	329	30
4	329	11
5	329	22
6	329	0
7	329	31
8	329	18
9	329	32

0	330	9
1	330	30
2	330	1
3	330	37
4	330	10
5	330	29
6	330	50
7	330	38
8	330	49
9	330	44

0	331	45
1	331	12
2	331	26
3	331	23
4	331	26
5	331	3
6	331	10
7	331	30
8	331	47
9	331	7

0	332	44
1	332	9
2	332	14
3	332	39
4	332	8
5	332	26
6	332	17
7	332	17
8	332	43
9	332	22

0	333	49
1	333	47
2	333	14
3	333	21
4	333	18
5	333	30
6	333	15
7	333	27
8	333	8
9	333	23

0	334	43
1	334	29
2	334	20
3	334	41
4	334	50
5	334	5
6	334	18
7	334	21
8	334	8
9	334	36

0	335	27
1	335	47
2	335	9
3	335	10
4	335	35
5	335	22
6	335	3
7	335	6
8	335	35
9	335	43

0	336	26
1	336	14
2	336	35
3	336	35
4	336	22
5	336	18
6	336	5
7	336	49
8	336	5
9	336	3

0	337	34
1	337	7
2	337	20
3	337	9
4	337	17
5	337	2
6	337	17
7	337	8
8	337	37
9	337	21

0	338	19
1	338	35
2	338	34
3	338	13
4	338	42
5	338	29
6	338	53
7	338	47
8	338	10
9	338	5

0	339	29
1	339	36
2	339	25
3	339	17
4	339	15
5	339	4
6	339	33
7	339	36
8	339	49
9	339	51

0	340	32
1	340	27
2	340	35
3	340	19
4	340	13
5	340	45
6	340	18
7	340	21
8	340	4
9	340	23

0	341	51
1	341	6
2	341	25
3	341	16
4	341	40
5	341	5
6	341	28
7	341	14
8	341	18
9	341	23

0	342	41
1	342	13
2	342	26
3	342	22
4	342	6
5	342	49
6	342	15
7	342	23
8	342	34
9	342	28

0	343	49
1	343	39
2	343	5
3	343	21
4	343	31
5	343	2
6	343	37
7	343	8
8	343	52
9	343	27

0	344	25
1	344	26
2	344	34
3	344	30
4	344	40
5	344	3
6	344	26
7	344	24
8	344	24
9	344	37

0	345	24
1	345	2
2	345	47
3	345	41
4	345	20
5	345	15
6	345	0
7	345	22
8	345	41
9	345	3

0	346	47
1	346	42
2	346	30
3	346	22
4	346	14
5	346	50
6	346	51
7	346	47
8	346	25
9	346	15

0	347	18
1	347	37
2	347	5
3	347	14
4	347	23
5	347	22
6	347	10
7	347	11
8	347	43
9	347	11

0	348	2
1	348	26
2	348	6
3	348	0
4	348	51
5	348	31
6	348	16
7	348	5
8	348	53
9	348	32

0	349	43
1	349	17
2	349	50
3	349	33
4	349	40
5	349	6
6	349	9
7	349	51
8	349	35
9	349	49

0	350	36
1	350	23
2	350	51
3	350	41
4	350	2
5	350	30
6	350	53
7	350	37
8	350	6
9	350	24

0	351	5
1	351	40
2	351	26
3	351	50
4	351	28
5	351	22
6	351	6
7	351	48
8	351	2
9	351	35

0	352	47
1	352	40
2	352	25
3	352	18
4	352	32
5	352	29
6	352	39
7	352	33
8	352	4
9	352	42

0	353	31
1	353	5
2	353	2
3	353	25
4	353	47
5	353	30
6	353	43
7	353	39
8	353	5
9	353	24

0	354	20
1	354	25
2	354	45
3	354	48
4	354	10
5	354	43
6	354	41
7	354	33
8	354	1
9	354	38

0	355	35
1	355	43
2	355	5
3	355	51
4	355	25
5	355	14
6	355	21
7	355	12
8	355	42
9	355	25

0	356	0
1	356	4
2	356	8
3	356	17
4	356	30
5	356	37
6	356	47
7	356	3
8	356	44
9	356	36

0	357	41
1	357	32
2	357	35
3	357	20
4	357	25
5	357	6
6	357	4
7	357	19
8	357	53
9	357	15

0	358	52
1	358	10
2	358	44
3	358	2
4	358	26
5	358	10
6	358	33
7	358	41
8	358	32
9	358	6

0	359	44
1	359	42
2	359	8
3	359	17
4	359	19
5	359	36
6	359	35
7	359	16
8	359	39
9	359	41

0	360	52
1	360	7
2	360	7
3	360	20
4	360	12
5	360	38
6	360	42
7	360	27
8	360	41
9	360	6

0	361	8
1	361	0
2	361	47
3	361	11
4	361	36
5	361	34
6	361	27
7	361	16
8	361	19
9	361	8

0	362	50
1	362	41
2	362	9
3	362	38
4	362	44
5	362	18
6	362	12
7	362	44
8	362	3
9	362	39

0	363	23
1	363	52
2	363	24
3	363	30
4	363	42
5	363	25
6	363	36
7	363	6
8	363	6
9	363	33

0	364	24
1	364	13
2	364	39
3	364	47
4	364	9
5	364	12
6	364	17
7	364	25
8	364	12
9	364	26

0	365	30
1	365	21
2	365	43
3	365	36
4	365	3
5	365	15
6	365	23
7	365	29
8	365	32
9	365	13

0	366	48
1	366	31
2	366	32
3	366	35
4	366	0
5	366	35
6	366	32
7	366	53
8	366	0
9	366	14

0	367	0
1	367	20
2	367	44
3	367	15
4	367	1
5	367	20
6	367	2
7	367	50
8	367	40
9	367	29

0	368	53
1	368	53
2	368	14
3	368	42
4	368	4
5	368	13
6	368	45
7	368	0
8	368	37
9	368	51

0	369	12
1	369	45
2	369	12
3	369	46
4	369	29
5	369	31
6	369	0
7	369	17
8	369	36
9	369	10

0	370	21
1	370	18
2	370	15
3	370	8
4	370	43
5	370	26
6	370	20
7	370	8
8	370	7
9	370	21

0	371	3
1	371	15
2	371	33
3	371	31
4	371	39
5	371	33
6	371	53
7	371	31
8	371	31
9	371	19

0	372	39
1	372	32
2	372	4
3	372	52
4	372	36
5	372	21
6	372	34
7	372	32
8	372	48
9	372	25

0	373	12
1	373	36
2	373	18
3	373	27
4	373	12
5	373	2
6	373	38
7	373	19
8	373	44
9	373	22

0	374	19
1	374	7
2	374	25
3	374	48
4	374	25
5	374	31
6	374	37
7	374	21
8	374	41
9	374	10

0	375	34
1	375	13
2	375	35
3	375	34
4	375	21
5	375	10
6	375	29
7	375	35
8	375	30
9	375	8

0	376	3
1	376	25
2	376	51
3	376	13
4	376	0
5	376	26
6	376	42
7	376	28
8	376	51
9	376	39

0	377	33
1	377	45
2	377	34
3	377	8
4	377	40
5	377	23
6	377	8
7	377	27
8	377	4
9	377	30

0	378	14
1	378	53
2	378	52
3	378	52
4	378	18
5	378	40
6	378	8
7	378	8
8	378	47
9	378	14

0	379	1
1	379	30
2	379	45
3	379	10
4	379	31
5	379	8
6	379	25
7	379	52
8	379	31
9	379	52

0	380	31
1	380	6
2	380	15
3	380	29
4	380	1
5	380	15
6	380	1
7	380	47
8	380	2
9	380	1

0	381	43
1	381	32
2	381	38
3	381	25
4	381	9
5	381	14
6	381	38
7	381	42
8	381	22
9	381	26

0	382	18
1	382	48
2	382	7
3	382	5
4	382	3
5	382	9
6	382	22
7	382	4
8	382	48
9	382	10

0	383	23
1	383	2
2	383	10
3	383	14
4	383	47
5	383	52
6	383	6
7	383	18
8	383	6
9	383	32

0	384	39
1	384	8
2	384	46
3	384	22
4	384	39
5	384	36
6	384	3
7	384	24
8	384	20
9	384	44

0	385	16
1	385	11
2	385	30
3	385	16
4	385	49
5	385	51
6	385	32
7	385	44
8	385	37
9	385	23

0	386	38
1	386	31
2	386	8
3	386	24
4	386	35
5	386	46
6	386	3
7	386	16
8	386	19
9	386	35

0	387	17
1	387	23
2	387	29
3	387	20
4	387	27
5	387	2
6	387	31
7	387	36
8	387	13
9	387	45

0	388	46
1	388	53
2	388	24
3	388	41
4	388	20
5	388	37
6	388	43
7	388	22
8	388	38
9	388	21

0	389	1
1	389	6
2	389	6
3	389	33
4	389	46
5	389	44
6	389	45
7	389	20
8	389	10
9	389	36

0	390	52
1	390	31
2	390	45
3	390	30
4	390	25
5	390	35
6	390	19
7	390	10
8	390	35
9	390	39

0	391	12
1	391	2
2	391	42
3	391	26
4	391	7
5	391	16
6	391	37
7	391	15
8	391	44
9	391	52

0	392	17
1	392	51
2	392	19
3	392	31
4	392	13
5	392	50
6	392	40
7	392	32
8	392	48
9	392	49

0	393	3
1	393	29
2	393	2
3	393	16
4	393	49
5	393	15
6	393	1
7	393	25
8	393	34
9	393	53

0	394	37
1	394	30
2	394	25
3	394	47
4	394	13
5	394	3
6	394	46
7	394	28
8	394	7
9	394	28

0	395	50
1	395	21
2	395	21
3	395	45
4	395	13
5	395	52
6	395	18
7	395	7
8	395	50
9	395	41

0	396	4
1	396	44
2	396	38
3	396	10
4	396	50
5	396	17
6	396	0
7	396	29
8	396	37
9	396	35

0	397	12
1	397	27
2	397	6
3	397	31
4	397	33
5	397	50
6	397	24
7	397	42
8	397	39
9	397	40

0	398	39
1	398	46
2	398	37
3	398	26
4	398	26
5	398	36
6	398	42
7	398	3
8	398	45
9	398	14

0	399	33
1	399	13
2	399	35
3	399	37
4	399	44
5	399	44
6	399	5
7	399	26
8	399	15
9	399	39

0	400	17
1	400	12
2	400	9
3	400	22
4	400	23
5	400	21
6	400	31
7	400	28
8	400	29
9	400	33

0	401	50
1	401	11
2	401	51
3	401	32
4	401	11
5	401	18
6	401	49
7	401	25
8	401	32
9	401	40

0	402	41
1	402	13
2	402	50
3	402	19
4	402	39
5	402	21
6	402	38
7	402	47
8	402	6
9	402	45

0	403	18
1	403	40
2	403	8
3	403	26
4	403	26
5	403	50
6	403	49
7	403	36
8	403	42
9	403	27

0	404	12
1	404	41
2	404	32
3	404	10
4	404	39
5	404	2
6	404	41
7	404	39
8	404	51
9	404	12

0	405	50
1	405	34
2	405	11
3	405	24
4	405	1
5	405	30
6	405	2
7	405	15
8	405	39
9	405	18

0	406	53
1	406	14
2	406	21
3	406	47
4	406	21
5	406	4
6	406	28
7	406	44
8	406	6
9	406	41

0	407	0
1	407	7
2	407	45
3	407	7
4	407	17
5	407	23
6	407	46
7	407	1
8	407	14
9	407	32

0	408	31
1	408	51
2	408	35
3	408	12
4	408	32
5	408	10
6	408	3
7	408	45
8	408	2
9	408	9

0	409	6
1	409	16
2	409	22
3	409	53
4	409	15
5	409	47
6	409	11
7	409	52
8	409	5
9	409	24

0	410	42
1	410	53
2	410	36
3	410	13
4	410	9
5	410	25
6	410	15
7	410	10
8	410	53
9	410	43

0	411	3
1	411	2
2	411	53
3	411	49
4	411	48
5	411	24
6	411	39
7	411	14
8	411	16
9	411	36

0	412	22
1	412	52
2	412	15
3	412	0
4	412	8
5	412	6
6	412	47
7	412	40
8	412	23
9	412	16

0	413	7
1	413	28
2	413	39
3	413	20
4	413	44
5	413	42
6	413	7
7	413	8
8	413	31
9	413	15

0	414	37
1	414	1
2	414	43
3	414	23
4	414	4
5	414	36
6	414	14
7	414	33
8	414	52
9	414	31

0	415	45
1	415	33
2	415	17
3	415	9
4	415	35
5	415	27
6	415	52
7	415	24
8	415	26
9	415	39

0	416	18
1	416	29
2	416	20
3	416	46
4	416	45
5	416	35
6	416	44
7	416	35
8	416	22
9	416	47

0	417	19
1	417	17
2	417	43
3	417	0
4	417	17
5	417	5
6	417	33
7	417	39
8	417	1
9	417	2

0	418	21
1	418	33
2	418	48
3	418	2
4	418	31
5	418	9
6	418	41
7	418	52
8	418	2
9	418	42

0	419	27
1	419	14
2	419	24
3	419	19
4	419	53
5	419	24
6	419	11
7	419	26
8	419	13
9	419	18

0	420	25
1	420	40
2	420	26
3	420	12
4	420	48
5	420	13
6	420	18
7	420	48
8	420	15
9	420	3

0	421	11
1	421	8
2	421	35
3	421	37
4	421	12
5	421	53
6	421	19
7	421	41
8	421	12
9	421	38

0	422	40
1	422	14
2	422	44
3	422	13
4	422	48
5	422	13
6	422	32
7	422	29
8	422	47
9	422	45

0	423	49
1	423	17
2	423	5
3	423	39
4	423	28
5	423	33
6	423	22
7	423	48
8	423	19
9	423	36

0	424	15
1	424	22
2	424	49
3	424	45
4	424	5
5	424	48
6	424	16
7	424	8
8	424	7
9	424	46

0	425	13
1	425	28
2	425	21
3	425	4
4	425	16
5	425	39
6	425	27
7	425	16
8	425	17
9	425	37

0	426	13
1	426	28
2	426	21
3	426	4
4	426	16
5	426	39
6	426	27
7	426	16
8	426	17
9	426	37

0	427	44
1	427	14
2	427	21
3	427	14
4	427	20
5	427	19
6	427	41
7	427	29
8	427	17
9	427	0

0	428	48
1	428	16
2	428	34
3	428	19
4	428	36
5	428	18
6	428	26
7	428	45
8	428	27
9	428	7

0	429	21
1	429	29
2	429	35
3	429	32
4	429	9
5	429	41
6	429	32
7	429	44
8	429	53
9	429	49

0	430	45
1	430	40
2	430	6
3	430	18
4	430	52
5	430	51
6	430	25
7	430	4
8	430	28
9	430	17

0	431	23
1	431	12
2	431	19
3	431	52
4	431	23
5	431	7
6	431	8
7	431	51
8	431	39
9	431	28

0	432	5
1	432	42
2	432	18
3	432	30
4	432	45
5	432	32
6	432	13
7	432	39
8	432	11
9	432	15

0	433	42
1	433	22
2	433	7
3	433	4
4	433	31
5	433	20
6	433	51
7	433	52
8	433	12
9	433	5

0	434	3
1	434	1
2	434	30
3	434	33
4	434	23
5	434	17
6	434	50
7	434	30
8	434	34
9	434	1

0	435	47
1	435	37
2	435	23
3	435	46
4	435	42
5	435	27
6	435	51
7	435	51
8	435	49
9	435	2

0	436	26
1	436	6
2	436	12
3	436	7
4	436	19
5	436	41
6	436	15
7	436	48
8	436	3
9	436	13

0	437	26
1	437	3
2	437	12
3	437	26
4	437	0
5	437	21
6	437	24
7	437	49
8	437	34
9	437	23

0	438	52
1	438	13
2	438	47
3	438	2
4	438	39
5	438	15
6	438	28
7	438	32
8	438	18
9	438	34

0	439	32
1	439	43
2	439	8
3	439	33
4	439	33
5	439	47
6	439	36
7	439	33
8	439	19
9	439	18

0	440	48
1	440	48
2	440	34
3	440	38
4	440	44
5	440	27
6	440	13
7	440	40
8	440	28
9	440	18

0	441	46
1	441	13
2	441	43
3	441	10
4	441	22
5	441	49
6	441	48
7	441	5
8	441	5
9	441	8

0	442	24
1	442	38
2	442	33
3	442	51
4	442	39
5	442	0
6	442	46
7	442	12
8	442	40
9	442	29

0	443	47
1	443	16
2	443	28
3	443	3
4	443	43
5	443	10
6	443	29
7	443	46
8	443	52
9	443	6

0	444	9
1	444	34
2	444	2
3	444	52
4	444	41
5	444	3
6	444	29
7	444	53
8	444	35
9	444	33

0	445	18
1	445	50
2	445	25
3	445	48
4	445	6
5	445	13
6	445	43
7	445	30
8	445	30
9	445	21

0	446	39
1	446	47
2	446	52
3	446	21
4	446	37
5	446	44
6	446	5
7	446	28
8	446	45
9	446	50

0	447	5
1	447	52
2	447	43
3	447	36
4	447	45
5	447	19
6	447	9
7	447	5
8	447	33
9	447	8

0	448	44
1	448	0
2	448	10
3	448	44
4	448	7
5	448	32
6	448	28
7	448	36
8	448	41
9	448	11

0	449	7
1	449	32
2	449	29
3	449	5
4	449	40
5	449	52
6	449	12
7	449	15
8	449	25
9	449	35

0	450	8
1	450	4
2	450	5
3	450	10
4	450	51
5	450	24
6	450	53
7	450	45
8	450	12
9	450	10

0	451	49
1	451	29
2	451	42
3	451	9
4	451	43
5	451	31
6	451	26
7	451	24
8	451	44
9	451	41

0	452	0
1	452	12
2	452	18
3	452	22
4	452	4
5	452	35
6	452	46
7	452	16
8	452	53
9	452	6

0	453	35
1	453	42
2	453	15
3	453	49
4	453	44
5	453	25
6	453	18
7	453	23
8	453	1
9	453	32

0	454	12
1	454	25
2	454	45
3	454	11
4	454	12
5	454	43
6	454	2
7	454	1
8	454	39
9	454	44

0	455	36
1	455	26
2	455	11
3	455	44
4	455	15
5	455	53
6	455	47
7	455	8
8	455	19
9	455	17

0	456	23
1	456	7
2	456	17
3	456	41
4	456	8
5	456	36
6	456	9
7	456	18
8	456	37
9	456	39

0	457	46
1	457	45
2	457	0
3	457	28
4	457	38
5	457	23
6	457	11
7	457	46
8	457	9
9	457	15

0	458	53
1	458	53
2	458	21
3	458	22
4	458	51
5	458	1
6	458	16
7	458	41
8	458	51
9	458	37

0	459	22
1	459	23
2	459	49
3	459	20
4	459	30
5	459	9
6	459	33
7	459	27
8	459	8
9	459	29

0	460	45
1	460	9
2	460	32
3	460	37
4	460	8
5	460	48
6	460	29
7	460	16
8	460	12
9	460	43

0	461	39
1	461	6
2	461	2
3	461	39
4	461	7
5	461	1
6	461	25
7	461	11
8	461	52
9	461	36

0	462	33
1	462	14
2	462	53
3	462	19
4	462	14
5	462	28
6	462	24
7	462	36
8	462	53
9	462	45

0	463	46
1	463	32
2	463	38
3	463	12
4	463	53
5	463	38
6	463	33
7	463	16
8	463	26
9	463	46

0	464	52
1	464	28
2	464	6
3	464	1
4	464	15
5	464	40
6	464	4
7	464	24
8	464	28
9	464	19

0	465	2
1	465	23
2	465	36
3	465	47
4	465	5
5	465	21
6	465	9
7	465	45
8	465	3
9	465	39

0	466	22
1	466	8
2	466	2
3	466	40
4	466	17
5	466	31
6	466	9
7	466	3
8	466	21
9	466	46

0	467	16
1	467	7
2	467	18
3	467	28
4	467	51
5	467	5
6	467	21
7	467	8
8	467	9
9	467	49

0	468	6
1	468	49
2	468	31
3	468	22
4	468	50
5	468	12
6	468	17
7	468	40
8	468	0
9	468	30

0	469	33
1	469	24
2	469	20
3	469	8
4	469	32
5	469	52
6	469	23
7	469	30
8	469	5
9	469	3

0	470	31
1	470	51
2	470	41
3	470	6
4	470	29
5	470	13
6	470	50
7	470	24
8	470	47
9	470	27

0	471	32
1	471	4
2	471	19
3	471	19
4	471	33
5	471	14
6	471	4
7	471	47
8	471	42
9	471	40

0	472	20
1	472	2
2	472	40
3	472	38
4	472	44
5	472	24
6	472	14
7	472	10
8	472	19
9	472	3

0	473	30
1	473	16
2	473	46
3	473	17
4	473	3
5	473	1
6	473	40
7	473	36
8	473	2
9	473	38

0	474	49
1	474	23
2	474	36
3	474	51
4	474	47
5	474	26
6	474	32
7	474	20
8	474	16
9	474	24

0	475	24
1	475	36
2	475	29
3	475	40
4	475	28
5	475	52
6	475	4
7	475	49
8	475	49
9	475	5

0	476	46
1	476	25
2	476	47
3	476	33
4	476	15
5	476	45
6	476	0
7	476	9
8	476	38
9	476	16

0	477	13
1	477	43
2	477	8
3	477	26
4	477	15
5	477	5
6	477	10
7	477	2
8	477	53
9	477	53

0	478	42
1	478	36
2	478	50
3	478	49
4	478	22
5	478	17
6	478	2
7	478	10
8	478	48
9	478	20

0	479	33
1	479	51
2	479	47
3	479	2
4	479	28
5	479	7
6	479	33
7	479	45
8	479	4
9	479	43

0	480	38
1	480	47
2	480	30
3	480	31
4	480	42
5	480	32
6	480	47
7	480	52
8	480	53
9	480	47

0	481	50
1	481	53
2	481	52
3	481	21
4	481	30
5	481	41
6	481	50
7	481	13
8	481	18
9	481	49

0	482	49
1	482	8
2	482	12
3	482	44
4	482	41
5	482	11
6	482	53
7	482	39
8	482	13
9	482	4

0	483	19
1	483	14
2	483	45
3	483	35
4	483	51
5	483	3
6	483	17
7	483	37
8	483	20
9	483	44

0	484	40
1	484	26
2	484	18
3	484	43
4	484	10
5	484	45
6	484	30
7	484	26
8	484	53
9	484	53

0	485	28
1	485	28
2	485	5
3	485	14
4	485	14
5	485	13
6	485	32
7	485	34
8	485	0
9	485	42

0	486	13
1	486	50
2	486	14
3	486	34
4	486	20
5	486	23
6	486	2
7	486	10
8	486	3
9	486	22

0	487	14
1	487	42
2	487	28
3	487	48
4	487	4
5	487	16
6	487	33
7	487	21
8	487	34
9	487	25

0	488	35
1	488	46
2	488	10
3	488	30
4	488	49
5	488	29
6	488	50
7	488	23
8	488	10
9	488	10

0	489	49
1	489	36
2	489	12
3	489	0
4	489	2
5	489	45
6	489	27
7	489	6
8	489	34
9	489	51

0	490	16
1	490	51
2	490	0
3	490	11
4	490	29
5	490	53
6	490	47
7	490	21
8	490	13
9	490	28

0	491	13
1	491	43
2	491	22
3	491	3
4	491	1
5	491	15
6	491	7
7	491	18
8	491	47
9	491	34

0	492	45
1	492	33
2	492	19
3	492	2
4	492	36
5	492	14
6	492	17
7	492	4
8	492	4
9	492	19

0	493	24
1	493	19
2	493	38
3	493	52
4	493	35
5	493	50
6	493	46
7	493	17
8	493	4
9	493	20

0	494	3
1	494	0
2	494	2
3	494	1
4	494	15
5	494	6
6	494	25
7	494	6
8	494	1
9	494	16

0	495	5
1	495	4
2	495	8
3	495	15
4	495	19
5	495	21
6	495	30
7	495	9
8	495	8
9	495	37

0	496	36
1	496	24
2	496	29
3	496	38
4	496	52
5	496	38
6	496	38
7	496	27
8	496	24
9	496	38

0	497	30
1	497	17
2	497	50
3	497	45
4	497	48
5	497	4
6	497	1
7	497	48
8	497	14
9	497	23

0	498	50
1	498	22
2	498	34
3	498	24
4	498	7
5	498	50
6	498	45
7	498	8
8	498	37
9	498	21

0	499	28
1	499	48
2	499	36
3	499	26
4	499	9
5	499	11
6	499	3
7	499	30
8	499	35
9	499	17

0	500	28
1	500	19
2	500	39
3	500	41
4	500	6
5	500	22
6	500	26
7	500	1
8	500	38
9	500	4

0	501	42
1	501	34
2	501	9
3	501	48
4	501	29
5	501	26
6	501	27
7	501	20
8	501	31
9	501	2

0	502	2
1	502	11
2	502	11
3	502	25
4	502	48
5	502	0
6	502	39
7	502	52
8	502	8
9	502	49

0	503	31
1	503	30
2	503	36
3	503	48
4	503	30
5	503	19
6	503	32
7	503	41
8	503	35
9	503	24

0	504	12
1	504	21
2	504	6
3	504	35
4	504	5
5	504	26
6	504	43
7	504	16
8	504	30
9	504	38

0	505	41
1	505	28
2	505	26
3	505	3
4	505	35
5	505	10
6	505	24
7	505	34
8	505	36
9	505	31

0	506	40
1	506	12
2	506	51
3	506	37
4	506	24
5	506	47
6	506	7
7	506	31
8	506	43
9	506	19

0	507	29
1	507	35
2	507	41
3	507	49
4	507	34
5	507	29
6	507	26
7	507	20
8	507	51
9	507	42

0	508	7
1	508	15
2	508	19
3	508	12
4	508	26
5	508	17
6	508	20
7	508	1
8	508	15
9	508	1

0	509	11
1	509	53
2	509	15
3	509	53
4	509	31
5	509	52
6	509	15
7	509	52
8	509	41
9	509	3

0	510	20
1	510	39
2	510	33
3	510	45
4	510	5
5	510	6
6	510	3
7	510	47
8	510	26
9	510	50

0	511	40
1	511	9
2	511	4
3	511	9
4	511	18
5	511	3
6	511	18
7	511	0
8	511	34
9	511	5

0	512	31
1	512	19
2	512	41
3	512	31
4	512	53
5	512	25
6	512	8
7	512	50
8	512	7
9	512	32

0	513	32
1	513	46
2	513	46
3	513	36
4	513	37
5	513	27
6	513	25
7	513	40
8	513	5
9	513	27

0	514	52
1	514	11
2	514	9
3	514	7
4	514	17
5	514	19
6	514	32
7	514	53
8	514	43
9	514	34

0	515	34
1	515	23
2	515	27
3	515	11
4	515	37
5	515	10
6	515	10
7	515	36
8	515	51
9	515	18

0	516	44
1	516	26
2	516	52
3	516	12
4	516	39
5	516	19
6	516	48
7	516	29
8	516	4
9	516	10

0	517	26
1	517	24
2	517	36
3	517	5
4	517	16
5	517	43
6	517	12
7	517	5
8	517	42
9	517	14

0	518	1
1	518	8
2	518	17
3	518	52
4	518	41
5	518	26
6	518	19
7	518	31
8	518	29
9	518	4

0	519	8
1	519	6
2	519	8
3	519	51
4	519	52
5	519	42
6	519	11
7	519	42
8	519	5
9	519	22

0	520	37
1	520	29
2	520	44
3	520	50
4	520	7
5	520	44
6	520	7
7	520	33
8	520	52
9	520	12

0	521	25
1	521	18
2	521	29
3	521	30
4	521	40
5	521	48
6	521	52
7	521	43
8	521	21
9	521	10

0	522	10
1	522	37
2	522	53
3	522	50
4	522	31
5	522	21
6	522	14
7	522	51
8	522	28
9	522	32

0	523	33
1	523	46
2	523	41
3	523	35
4	523	34
5	523	14
6	523	51
7	523	1
8	523	15
9	523	33

0	524	7
1	524	38
2	524	33
3	524	26
4	524	30
5	524	40
6	524	53
7	524	10
8	524	33
9	524	49

0	525	21
1	525	49
2	525	6
3	525	40
4	525	25
5	525	0
6	525	50
7	525	17
8	525	25
9	525	3

0	526	2
1	526	10
2	526	13
3	526	20
4	526	32
5	526	11
6	526	18
7	526	16
8	526	27
9	526	50

0	527	43
1	527	7
2	527	42
3	527	43
4	527	12
5	527	16
6	527	22
7	527	23
8	527	14
9	527	42

0	528	11
1	528	46
2	528	13
3	528	47
4	528	21
5	528	42
6	528	3
7	528	38
8	528	13
9	528	17

0	529	11
1	529	46
2	529	13
3	529	47
4	529	21
5	529	42
6	529	3
7	529	38
8	529	13
9	529	17

0	530	44
1	530	0
2	530	8
3	530	36
4	530	18
5	530	26
6	530	43
7	530	32
8	530	50
9	530	51

0	531	17
1	531	45
2	531	19
3	531	8
4	531	1
5	531	19
6	531	49
7	531	34
8	531	37
9	531	3

0	532	14
1	532	12
2	532	9
3	532	37
4	532	6
5	532	46
6	532	36
7	532	4
8	532	9
9	532	12

0	533	51
1	533	24
2	533	42
3	533	3
4	533	46
5	533	36
6	533	25
7	533	50
8	533	39
9	533	25

0	534	22
1	534	11
2	534	48
3	534	16
4	534	20
5	534	52
6	534	34
7	534	25
8	534	41
9	534	35

0	535	23
1	535	44
2	535	11
3	535	35
4	535	49
5	535	25
6	535	19
7	535	43
8	535	32
9	535	26

0	536	13
1	536	20
2	536	3
3	536	12
4	536	41
5	536	21
6	536	5
7	536	46
8	536	49
9	536	33

0	537	15
1	537	33
2	537	1
3	537	24
4	537	19
5	537	33
6	537	39
7	537	37
8	537	11
9	537	20

0	538	21
1	538	14
2	538	41
3	538	15
4	538	3
5	538	2
6	538	51
7	538	20
8	538	47
9	538	4

0	539	16
1	539	10
2	539	32
3	539	41
4	539	53
5	539	7
6	539	46
7	539	3
8	539	52
9	539	45

0	540	11
1	540	50
2	540	47
3	540	5
4	540	52
5	540	32
6	540	31
7	540	20
8	540	30
9	540	5

0	541	20
1	541	20
2	541	13
3	541	21
4	541	34
5	541	2
6	541	9
7	541	6
8	541	1
9	541	8

0	542	48
1	542	36
2	542	35
3	542	32
4	542	20
5	542	29
6	542	30
7	542	10
8	542	29
9	542	25

0	543	4
1	543	38
2	543	48
3	543	29
4	543	42
5	543	18
6	543	36
7	543	42
8	543	45
9	543	14

0	544	50
1	544	15
2	544	40
3	544	2
4	544	2
5	544	41
6	544	3
7	544	33
8	544	15
9	544	47

0	545	49
1	545	24
2	545	15
3	545	1
4	545	48
5	545	9
6	545	40
7	545	26
8	545	18
9	545	41

0	546	29
1	546	10
2	546	1
3	546	22
4	546	25
5	546	7
6	546	45
7	546	28
8	546	11
9	546	30

0	547	35
1	547	30
2	547	4
3	547	44
4	547	11
5	547	32
6	547	33
7	547	5
8	547	31
9	547	29

0	548	14
1	548	45
2	548	20
3	548	24
4	548	19
5	548	20
6	548	51
7	548	15
8	548	6
9	548	22

0	549	10
1	549	27
2	549	38
3	549	7
4	549	11
5	549	22
6	549	26
7	549	20
8	549	19
9	549	26

0	550	1
1	550	8
2	550	29
3	550	49
4	550	14
5	550	28
6	550	15
7	550	37
8	550	33
9	550	35

0	551	9
1	551	53
2	551	28
3	551	31
4	551	44
5	551	17
6	551	28
7	551	35
8	551	20
9	551	28

0	552	15
1	552	2
2	552	46
3	552	34
4	552	5
5	552	45
6	552	19
7	552	7
8	552	7
9	552	9

0	553	37
1	553	5
2	553	1
3	553	9
4	553	43
5	553	40
6	553	0
7	553	36
8	553	23
9	553	21

0	554	10
1	554	17
2	554	3
3	554	0
4	554	37
5	554	24
6	554	4
7	554	22
8	554	28
9	554	21

0	555	15
1	555	26
2	555	39
3	555	6
4	555	43
5	555	25
6	555	14
7	555	31
8	555	50
9	555	46

0	556	29
1	556	39
2	556	36
3	556	18
4	556	21
5	556	9
6	556	52
7	556	29
8	556	33
9	556	1

0	557	28
1	557	0
2	557	13
3	557	32
4	557	22
5	557	29
6	557	13
7	557	18
8	557	49
9	557	0

0	558	8
1	558	3
2	558	34
3	558	38
4	558	15
5	558	52
6	558	48
7	558	51
8	558	14
9	558	34

0	559	24
1	559	38
2	559	51
3	559	27
4	559	52
5	559	44
6	559	44
7	559	1
8	559	22
9	559	27

0	560	38
1	560	14
2	560	27
3	560	23
4	560	36
5	560	0
6	560	31
7	560	4
8	560	3
9	560	36

0	561	41
1	561	46
2	561	32
3	561	20
4	561	50
5	561	2
6	561	39
7	561	15
8	561	12
9	561	12

0	562	35
1	562	22
2	562	28
3	562	17
4	562	17
5	562	43
6	562	35
7	562	5
8	562	4
9	562	18

0	563	27
1	563	9
2	563	26
3	563	33
4	563	31
5	563	15
6	563	0
7	563	21
8	563	42
9	563	25

0	564	33
1	564	48
2	564	17
3	564	37
4	564	46
5	564	27
6	564	7
7	564	2
8	564	24
9	564	53

0	565	53
1	565	36
2	565	23
3	565	7
4	565	32
5	565	50
6	565	25
7	565	19
8	565	26
9	565	14

0	566	4
1	566	47
2	566	2
3	566	35
4	566	24
5	566	5
6	566	51
7	566	23
8	566	39
9	566	34

0	567	5
1	567	2
2	567	22
3	567	52
4	567	25
5	567	7
6	567	43
7	567	48
8	567	38
9	567	28

0	568	5
1	568	41
2	568	32
3	568	11
4	568	26
5	568	32
6	568	47
7	568	22
8	568	16
9	568	28

0	569	37
1	569	35
2	569	5
3	569	14
4	569	41
5	569	10
6	569	0
7	569	43
8	569	27
9	569	4

0	570	18
1	570	3
2	570	37
3	570	41
4	570	9
5	570	33
6	570	11
7	570	44
8	570	6
9	570	26

0	571	47
1	571	30
2	571	36
3	571	25
4	571	6
5	571	41
6	571	39
7	571	50
8	571	18
9	571	6

0	572	43
1	572	1
2	572	38
3	572	1
4	572	11
5	572	11
6	572	37
7	572	31
8	572	24
9	572	14

0	573	17
1	573	17
2	573	0
3	573	18
4	573	38
5	573	28
6	573	1
7	573	20
8	573	31
9	573	50

0	574	34
1	574	13
2	574	47
3	574	43
4	574	13
5	574	36
6	574	34
7	574	36
8	574	20
9	574	51

0	575	35
1	575	12
2	575	45
3	575	53
4	575	25
5	575	4
6	575	7
7	575	42
8	575	51
9	575	10

0	576	20
1	576	33
2	576	24
3	576	19
4	576	2
5	576	42
6	576	28
7	576	19
8	576	30
9	576	27

0	577	27
1	577	31
2	577	30
3	577	44
4	577	17
5	577	23
6	577	52
7	577	38
8	577	46
9	577	42

0	578	14
1	578	4
2	578	28
3	578	15
4	578	31
5	578	35
6	578	50
7	578	47
8	578	21
9	578	31

0	579	9
1	579	37
2	579	51
3	579	12
4	579	28
5	579	12
6	579	6
7	579	26
8	579	38
9	579	46

0	580	23
1	580	15
2	580	1
3	580	18
4	580	44
5	580	3
6	580	22
7	580	14
8	580	28
9	580	23

0	581	2
1	581	28
2	581	10
3	581	9
4	581	39
5	581	6
6	581	38
7	581	51
8	581	42
9	581	39

0	582	52
1	582	26
2	582	2
3	582	13
4	582	15
5	582	38
6	582	20
7	582	27
8	582	38
9	582	8

0	583	51
1	583	51
2	583	22
3	583	13
4	583	48
5	583	40
6	583	47
7	583	23
8	583	35
9	583	15

0	584	20
1	584	49
2	584	15
3	584	8
4	584	43
5	584	32
6	584	11
7	584	35
8	584	36
9	584	19

0	585	44
1	585	32
2	585	35
3	585	32
4	585	36
5	585	38
6	585	9
7	585	32
8	585	13
9	585	30

0	586	6
1	586	33
2	586	35
3	586	2
4	586	45
5	586	45
6	586	25
7	586	48
8	586	1
9	586	18

0	587	45
1	587	48
2	587	20
3	587	53
4	587	42
5	587	1
6	587	8
7	587	43
8	587	7
9	587	14

0	588	12
1	588	18
2	588	53
3	588	44
4	588	0
5	588	34
6	588	27
7	588	30
8	588	11
9	588	41

0	589	42
1	589	19
2	589	40
3	589	15
4	589	22
5	589	8
6	589	25
7	589	40
8	589	32
9	589	47

0	590	37
1	590	35
2	590	23
3	590	40
4	590	7
5	590	42
6	590	31
7	590	15
8	590	44
9	590	32

0	591	5
1	591	12
2	591	4
3	591	3
4	591	24
5	591	48
6	591	29
7	591	42
8	591	39
9	591	27

0	592	0
1	592	30
2	592	41
3	592	14
4	592	17
5	592	44
6	592	45
7	592	5
8	592	50
9	592	9

0	593	22
1	593	0
2	593	43
3	593	11
4	593	1
5	593	5
6	593	40
7	593	43
8	593	18
9	593	46

0	594	34
1	594	49
2	594	29
3	594	39
4	594	5
5	594	33
6	594	10
7	594	42
8	594	38
9	594	3

0	595	46
1	595	42
2	595	41
3	595	37
4	595	14
5	595	27
6	595	30
7	595	17
8	595	53
9	595	51

0	596	8
1	596	28
2	596	24
3	596	36
4	596	13
5	596	51
6	596	45
7	596	4
8	596	45
9	596	9

0	597	33
1	597	35
2	597	14
3	597	16
4	597	34
5	597	18
6	597	35
7	597	9
8	597	29
9	597	51

0	598	21
1	598	5
2	598	31
3	598	6
4	598	37
5	598	44
6	598	39
7	598	14
8	598	50
9	598	33

0	599	30
1	599	3
2	599	34
3	599	52
4	599	24
5	599	30
6	599	51
7	599	29
8	599	41
9	599	27

0	600	4
1	600	16
2	600	24
3	600	27
4	600	20
5	600	37
6	600	5
7	600	1
8	600	3
9	600	14

0	601	6
1	601	24
2	601	33
3	601	39
4	601	39
5	601	38
6	601	37
7	601	48
8	601	5
9	601	33

0	602	34
1	602	9
2	602	48
3	602	29
4	602	4
5	602	6
6	602	4
7	602	7
8	602	7
9	602	36

0	603	26
1	603	13
2	603	9
3	603	15
4	603	29
5	603	23
6	603	50
7	603	53
8	603	9
9	603	51

0	604	29
1	604	18
2	604	32
3	604	12
4	604	10
5	604	53
6	604	20
7	604	33
8	604	45
9	604	44

0	605	43
1	605	44
2	605	16
3	605	52
4	605	47
5	605	26
6	605	48
7	605	7
8	605	33
9	605	34

0	606	44
1	606	31
2	606	11
3	606	31
4	606	30
5	606	39
6	606	42
7	606	51
8	606	5
9	606	5

