0	0	49
1	0	40
2	0	37
3	0	33
4	0	43
5	0	53
6	0	31
7	0	19
8	0	40
9	0	30

0	1	30
1	1	13
2	1	7
3	1	20
4	1	0
5	1	17
6	1	35
7	1	25
8	1	6
9	1	13

0	2	35
1	2	16
2	2	14
3	2	10
4	2	31
5	2	36
6	2	43
7	2	45
8	2	48
9	2	50

0	3	11
1	3	51
2	3	17
3	3	42
4	3	25
5	3	31
6	3	10
7	3	0
8	3	21
9	3	16

0	4	48
1	4	27
2	4	26
3	4	53
4	4	36
5	4	32
6	4	28
7	4	41
8	4	47
9	4	13

0	5	25
1	5	15
2	5	29
3	5	3
4	5	51
5	5	47
6	5	34
7	5	53
8	5	12
9	5	52

0	6	28
1	6	49
2	6	27
3	6	28
4	6	50
5	6	53
6	6	12
7	6	29
8	6	52
9	6	6

0	7	19
1	7	12
2	7	37
3	7	9
4	7	7
5	7	25
6	7	24
7	7	38
8	7	28
9	7	42

0	8	43
1	8	5
2	8	19
3	8	11
4	8	28
5	8	14
6	8	46
7	8	18
8	8	33
9	8	18

0	9	46
1	9	3
2	9	29
3	9	23
4	9	45
5	9	1
6	9	43
7	9	30
8	9	20
9	9	40

0	10	33
1	10	24
2	10	42
3	10	22
4	10	47
5	10	12
6	10	8
7	10	2
8	10	40
9	10	11

0	11	42
1	11	33
2	11	53
3	11	50
4	11	48
5	11	25
6	11	27
7	11	22
8	11	48
9	11	14

0	12	50
1	12	46
2	12	35
3	12	20
4	12	41
5	12	26
6	12	14
7	12	49
8	12	28
9	12	8

0	13	19
1	13	11
2	13	9
3	13	41
4	13	43
5	13	11
6	13	4
7	13	38
8	13	22
9	13	15

0	14	6
1	14	10
2	14	19
3	14	13
4	14	27
5	14	41
6	14	5
7	14	1
8	14	27
9	14	25

0	15	38
1	15	32
2	15	51
3	15	6
4	15	7
5	15	47
6	15	16
7	15	25
8	15	2
9	15	41

0	16	45
1	16	38
2	16	39
3	16	49
4	16	0
5	16	23
6	16	9
7	16	5
8	16	29
9	16	26

0	17	8
1	17	1
2	17	43
3	17	19
4	17	13
5	17	33
6	17	25
7	17	7
8	17	39
9	17	29

0	18	9
1	18	20
2	18	1
3	18	24
4	18	2
5	18	35
6	18	17
7	18	50
8	18	14
9	18	39

0	19	12
1	19	32
2	19	9
3	19	3
4	19	42
5	19	39
6	19	10
7	19	8
8	19	21
9	19	10

0	20	6
1	20	18
2	20	42
3	20	15
4	20	40
5	20	26
6	20	8
7	20	27
8	20	41
9	20	28

0	21	50
1	21	4
2	21	22
3	21	6
4	21	51
5	21	23
6	21	50
7	21	4
8	21	31
9	21	50

0	22	44
1	22	44
2	22	27
3	22	3
4	22	31
5	22	34
6	22	41
7	22	19
8	22	44
9	22	17

0	23	51
1	23	36
2	23	46
3	23	43
4	23	7
5	23	47
6	23	18
7	23	13
8	23	20
9	23	22

0	24	20
1	24	49
2	24	25
3	24	43
4	24	1
5	24	49
6	24	39
7	24	26
8	24	16
9	24	49

0	25	22
1	25	24
2	25	4
3	25	7
4	25	12
5	25	20
6	25	12
7	25	19
8	25	14
9	25	19

0	26	39
1	26	33
2	26	14
3	26	13
4	26	23
5	26	24
6	26	19
7	26	32
8	26	47
9	26	47

0	27	37
1	27	48
2	27	46
3	27	20
4	27	52
5	27	23
6	27	6
7	27	1
8	27	4
9	27	13

0	28	25
1	28	23
2	28	50
3	28	17
4	28	4
5	28	0
6	28	24
7	28	15
8	28	41
9	28	48

0	29	38
1	29	47
2	29	29
3	29	11
4	29	13
5	29	20
6	29	33
7	29	33
8	29	24
9	29	36

0	30	26
1	30	17
2	30	18
3	30	18
4	30	35
5	30	29
6	30	18
7	30	46
8	30	41
9	30	16

0	31	45
1	31	29
2	31	0
3	31	43
4	31	19
5	31	44
6	31	52
7	31	33
8	31	2
9	31	21

0	32	5
1	32	16
2	32	33
3	32	14
4	32	7
5	32	14
6	32	30
7	32	4
8	32	29
9	32	9

0	33	24
1	33	26
2	33	19
3	33	4
4	33	17
5	33	18
6	33	12
7	33	34
8	33	33
9	33	28

0	34	28
1	34	31
2	34	30
3	34	27
4	34	30
5	34	41
6	34	2
7	34	18
8	34	2
9	34	6

0	35	9
1	35	49
2	35	20
3	35	41
4	35	24
5	35	37
6	35	12
7	35	49
8	35	30
9	35	1

0	36	5
1	36	51
2	36	26
3	36	16
4	36	49
5	36	38
6	36	51
7	36	37
8	36	51
9	36	8

0	37	4
1	37	39
2	37	42
3	37	33
4	37	53
5	37	30
6	37	22
7	37	27
8	37	18
9	37	24

0	38	6
1	38	45
2	38	32
3	38	24
4	38	6
5	38	2
6	38	33
7	38	14
8	38	10
9	38	7

0	39	44
1	39	0
2	39	0
3	39	47
4	39	27
5	39	26
6	39	4
7	39	30
8	39	34
9	39	17

0	40	46
1	40	9
2	40	8
3	40	53
4	40	36
5	40	23
6	40	27
7	40	36
8	40	14
9	40	29

0	41	0
1	41	15
2	41	3
3	41	25
4	41	14
5	41	48
6	41	41
7	41	21
8	41	38
9	41	31

0	42	30
1	42	22
2	42	50
3	42	2
4	42	29
5	42	14
6	42	31
7	42	43
8	42	52
9	42	42

0	43	39
1	43	29
2	43	48
3	43	27
4	43	21
5	43	1
6	43	19
7	43	5
8	43	25
9	43	36

0	44	3
1	44	7
2	44	42
3	44	8
4	44	53
5	44	21
6	44	4
7	44	41
8	44	39
9	44	35

0	45	25
1	45	25
2	45	2
3	45	13
4	45	12
5	45	43
6	45	17
7	45	20
8	45	7
9	45	14

0	46	29
1	46	21
2	46	30
3	46	52
4	46	0
5	46	3
6	46	22
7	46	36
8	46	41
9	46	2

0	47	21
1	47	28
2	47	1
3	47	46
4	47	12
5	47	44
6	47	2
7	47	8
8	47	12
9	47	7

0	48	48
1	48	31
2	48	19
3	48	15
4	48	17
5	48	20
6	48	35
7	48	23
8	48	6
9	48	5

0	49	43
1	49	32
2	49	23
3	49	44
4	49	47
5	49	1
6	49	17
7	49	32
8	49	21
9	49	8

0	50	39
1	50	53
2	50	48
3	50	2
4	50	14
5	50	35
6	50	46
7	50	53
8	50	49
9	50	11

0	51	28
1	51	44
2	51	33
3	51	16
4	51	44
5	51	53
6	51	49
7	51	18
8	51	18
9	51	18

0	52	17
1	52	30
2	52	26
3	52	43
4	52	26
5	52	22
6	52	53
7	52	48
8	52	22
9	52	30

0	53	33
1	53	47
2	53	41
3	53	2
4	53	13
5	53	17
6	53	3
7	53	8
8	53	38
9	53	3

0	54	27
1	54	45
2	54	21
3	54	48
4	54	43
5	54	49
6	54	45
7	54	4
8	54	14
9	54	25

0	55	48
1	55	18
2	55	28
3	55	4
4	55	52
5	55	3
6	55	0
7	55	11
8	55	13
9	55	20

0	56	50
1	56	22
2	56	9
3	56	37
4	56	42
5	56	32
6	56	53
7	56	35
8	56	21
9	56	12

0	57	12
1	57	21
2	57	52
3	57	42
4	57	4
5	57	12
6	57	16
7	57	48
8	57	35
9	57	0

0	58	34
1	58	1
2	58	49
3	58	7
4	58	51
5	58	8
6	58	46
7	58	36
8	58	7
9	58	3

0	59	21
1	59	20
2	59	44
3	59	45
4	59	7
5	59	39
6	59	20
7	59	41
8	59	23
9	59	15

0	60	10
1	60	46
2	60	24
3	60	13
4	60	29
5	60	42
6	60	21
7	60	1
8	60	5
9	60	53

0	61	51
1	61	5
2	61	11
3	61	26
4	61	50
5	61	5
6	61	40
7	61	16
8	61	41
9	61	52

0	62	43
1	62	10
2	62	30
3	62	25
4	62	0
5	62	27
6	62	12
7	62	10
8	62	9
9	62	51

0	63	28
1	63	37
2	63	43
3	63	38
4	63	36
5	63	36
6	63	26
7	63	6
8	63	14
9	63	1

0	64	11
1	64	44
2	64	6
3	64	34
4	64	26
5	64	8
6	64	12
7	64	26
8	64	29
9	64	21

0	65	20
1	65	31
2	65	41
3	65	21
4	65	49
5	65	36
6	65	42
7	65	23
8	65	50
9	65	35

0	66	16
1	66	30
2	66	22
3	66	26
4	66	36
5	66	24
6	66	22
7	66	13
8	66	32
9	66	9

0	67	3
1	67	32
2	67	14
3	67	10
4	67	11
5	67	7
6	67	34
7	67	40
8	67	25
9	67	32

0	68	30
1	68	53
2	68	17
3	68	28
4	68	39
5	68	37
6	68	15
7	68	6
8	68	30
9	68	18

0	69	43
1	69	45
2	69	36
3	69	9
4	69	21
5	69	51
6	69	46
7	69	0
8	69	27
9	69	29

0	70	41
1	70	17
2	70	39
3	70	49
4	70	27
5	70	6
6	70	15
7	70	38
8	70	31
9	70	39

0	71	33
1	71	48
2	71	12
3	71	30
4	71	16
5	71	21
6	71	48
7	71	28
8	71	37
9	71	19

0	72	38
1	72	23
2	72	43
3	72	46
4	72	40
5	72	26
6	72	53
7	72	33
8	72	8
9	72	7

0	73	21
1	73	37
2	73	23
3	73	0
4	73	38
5	73	27
6	73	38
7	73	46
8	73	1
9	73	42

0	74	34
1	74	22
2	74	3
3	74	14
4	74	0
5	74	20
6	74	41
7	74	22
8	74	21
9	74	14

0	75	15
1	75	32
2	75	8
3	75	38
4	75	11
5	75	47
6	75	34
7	75	25
8	75	8
9	75	15

0	76	51
1	76	28
2	76	0
3	76	35
4	76	17
5	76	53
6	76	35
7	76	16
8	76	26
9	76	39

0	77	38
1	77	17
2	77	14
3	77	17
4	77	49
5	77	36
6	77	4
7	77	3
8	77	4
9	77	45

0	78	33
1	78	1
2	78	7
3	78	0
4	78	15
5	78	34
6	78	31
7	78	23
8	78	7
9	78	13

0	79	4
1	79	51
2	79	46
3	79	3
4	79	52
5	79	34
6	79	19
7	79	50
8	79	47
9	79	8

0	80	19
1	80	19
2	80	38
3	80	37
4	80	26
5	80	27
6	80	13
7	80	35
8	80	53
9	80	6

0	81	12
1	81	8
2	81	7
3	81	21
4	81	26
5	81	45
6	81	42
7	81	41
8	81	28
9	81	28

0	82	8
1	82	28
2	82	17
3	82	3
4	82	41
5	82	23
6	82	33
7	82	52
8	82	47
9	82	53

0	83	21
1	83	6
2	83	12
3	83	35
4	83	40
5	83	48
6	83	10
7	83	29
8	83	31
9	83	38

0	84	52
1	84	13
2	84	21
3	84	16
4	84	44
5	84	1
6	84	51
7	84	4
8	84	48
9	84	53

0	85	21
1	85	43
2	85	34
3	85	8
4	85	3
5	85	48
6	85	23
7	85	26
8	85	7
9	85	6

0	86	7
1	86	22
2	86	8
3	86	36
4	86	11
5	86	2
6	86	42
7	86	46
8	86	15
9	86	37

0	87	14
1	87	14
2	87	53
3	87	26
4	87	50
5	87	22
6	87	38
7	87	37
8	87	25
9	87	26

0	88	45
1	88	37
2	88	14
3	88	30
4	88	21
5	88	27
6	88	51
7	88	24
8	88	33
9	88	19

0	89	2
1	89	50
2	89	2
3	89	40
4	89	48
5	89	36
6	89	25
7	89	51
8	89	23
9	89	31

0	90	41
1	90	48
2	90	39
3	90	18
4	90	38
5	90	9
6	90	39
7	90	15
8	90	2
9	90	1

0	91	26
1	91	6
2	91	40
3	91	10
4	91	20
5	91	31
6	91	33
7	91	10
8	91	50
9	91	38

0	92	42
1	92	21
2	92	48
3	92	35
4	92	16
5	92	38
6	92	14
7	92	16
8	92	12
9	92	28

0	93	25
1	93	21
2	93	23
3	93	12
4	93	18
5	93	31
6	93	34
7	93	41
8	93	33
9	93	15

0	94	23
1	94	5
2	94	48
3	94	24
4	94	2
5	94	34
6	94	41
7	94	24
8	94	5
9	94	17

0	95	27
1	95	30
2	95	38
3	95	33
4	95	14
5	95	7
6	95	26
7	95	36
8	95	7
9	95	9

0	96	22
1	96	53
2	96	31
3	96	38
4	96	14
5	96	0
6	96	48
7	96	39
8	96	11
9	96	48

0	97	7
1	97	7
2	97	45
3	97	1
4	97	12
5	97	26
6	97	23
7	97	36
8	97	39
9	97	15

0	98	8
1	98	49
2	98	47
3	98	41
4	98	27
5	98	30
6	98	39
7	98	41
8	98	51
9	98	50

0	99	41
1	99	21
2	99	2
3	99	49
4	99	38
5	99	8
6	99	44
7	99	16
8	99	36
9	99	3

0	100	52
1	100	24
2	100	11
3	100	50
4	100	25
5	100	53
6	100	9
7	100	2
8	100	48
9	100	41

0	101	49
1	101	6
2	101	18
3	101	41
4	101	16
5	101	5
6	101	22
7	101	24
8	101	38
9	101	46

0	102	3
1	102	42
2	102	39
3	102	47
4	102	41
5	102	41
6	102	15
7	102	31
8	102	50
9	102	17

0	103	32
1	103	18
2	103	25
3	103	35
4	103	32
5	103	39
6	103	42
7	103	22
8	103	31
9	103	33

0	104	2
1	104	1
2	104	1
3	104	13
4	104	20
5	104	47
6	104	14
7	104	41
8	104	3
9	104	6

0	105	3
1	105	40
2	105	33
3	105	20
4	105	43
5	105	46
6	105	29
7	105	27
8	105	25
9	105	13

0	106	13
1	106	28
2	106	20
3	106	21
4	106	7
5	106	19
6	106	43
7	106	43
8	106	42
9	106	24

0	107	23
1	107	45
2	107	5
3	107	49
4	107	47
5	107	24
6	107	26
7	107	2
8	107	7
9	107	44

0	108	18
1	108	12
2	108	28
3	108	40
4	108	17
5	108	30
6	108	44
7	108	47
8	108	47
9	108	27

0	109	36
1	109	53
2	109	37
3	109	30
4	109	38
5	109	14
6	109	42
7	109	53
8	109	1
9	109	48

0	110	6
1	110	2
2	110	27
3	110	27
4	110	29
5	110	18
6	110	25
7	110	10
8	110	52
9	110	1

0	111	0
1	111	52
2	111	5
3	111	53
4	111	53
5	111	48
6	111	43
7	111	23
8	111	14
9	111	33

0	112	14
1	112	8
2	112	48
3	112	32
4	112	21
5	112	38
6	112	23
7	112	35
8	112	6
9	112	6

0	113	5
1	113	16
2	113	6
3	113	19
4	113	20
5	113	39
6	113	17
7	113	26
8	113	12
9	113	51

0	114	46
1	114	12
2	114	46
3	114	15
4	114	15
5	114	24
6	114	6
7	114	16
8	114	46
9	114	12

0	115	26
1	115	30
2	115	21
3	115	39
4	115	44
5	115	19
6	115	18
7	115	27
8	115	32
9	115	16

0	116	1
1	116	33
2	116	41
3	116	36
4	116	34
5	116	41
6	116	20
7	116	12
8	116	28
9	116	48

0	117	30
1	117	6
2	117	7
3	117	25
4	117	0
5	117	28
6	117	53
7	117	32
8	117	33
9	117	30

0	118	52
1	118	45
2	118	46
3	118	33
4	118	45
5	118	39
6	118	37
7	118	13
8	118	13
9	118	37

0	119	1
1	119	5
2	119	19
3	119	32
4	119	8
5	119	42
6	119	0
7	119	0
8	119	53
9	119	9

0	120	31
1	120	14
2	120	52
3	120	8
4	120	41
5	120	22
6	120	25
7	120	34
8	120	1
9	120	4

0	121	6
1	121	9
2	121	8
3	121	51
4	121	14
5	121	18
6	121	38
7	121	44
8	121	0
9	121	16

0	122	19
1	122	33
2	122	25
3	122	43
4	122	13
5	122	20
6	122	48
7	122	9
8	122	19
9	122	35

0	123	17
1	123	28
2	123	39
3	123	44
4	123	23
5	123	48
6	123	32
7	123	16
8	123	41
9	123	10

0	124	20
1	124	6
2	124	41
3	124	1
4	124	26
5	124	41
6	124	17
7	124	37
8	124	24
9	124	23

0	125	2
1	125	10
2	125	14
3	125	42
4	125	40
5	125	45
6	125	8
7	125	35
8	125	8
9	125	45

0	126	12
1	126	49
2	126	48
3	126	16
4	126	3
5	126	34
6	126	1
7	126	38
8	126	20
9	126	26

0	127	53
1	127	4
2	127	45
3	127	18
4	127	4
5	127	29
6	127	44
7	127	37
8	127	33
9	127	47

0	128	17
1	128	46
2	128	10
3	128	9
4	128	27
5	128	11
6	128	22
7	128	4
8	128	10
9	128	51

0	129	41
1	129	44
2	129	16
3	129	18
4	129	50
5	129	16
6	129	39
7	129	9
8	129	37
9	129	25

0	130	10
1	130	50
2	130	28
3	130	39
4	130	27
5	130	38
6	130	45
7	130	36
8	130	11
9	130	7

0	131	39
1	131	5
2	131	18
3	131	5
4	131	22
5	131	21
6	131	17
7	131	46
8	131	15
9	131	44

0	132	34
1	132	41
2	132	50
3	132	2
4	132	26
5	132	29
6	132	4
7	132	26
8	132	43
9	132	37

0	133	7
1	133	4
2	133	35
3	133	20
4	133	46
5	133	46
6	133	23
7	133	4
8	133	37
9	133	8

0	134	8
1	134	33
2	134	28
3	134	31
4	134	5
5	134	21
6	134	41
7	134	23
8	134	4
9	134	9

0	135	9
1	135	6
2	135	1
3	135	30
4	135	40
5	135	37
6	135	44
7	135	2
8	135	32
9	135	47

0	136	47
1	136	23
2	136	39
3	136	17
4	136	10
5	136	26
6	136	9
7	136	42
8	136	11
9	136	4

0	137	34
1	137	44
2	137	8
3	137	50
4	137	49
5	137	51
6	137	38
7	137	25
8	137	22
9	137	36

0	138	34
1	138	50
2	138	34
3	138	36
4	138	18
5	138	30
6	138	36
7	138	26
8	138	31
9	138	40

0	139	44
1	139	43
2	139	13
3	139	18
4	139	9
5	139	5
6	139	19
7	139	16
8	139	44
9	139	28

0	140	2
1	140	47
2	140	48
3	140	25
4	140	8
5	140	16
6	140	33
7	140	15
8	140	34
9	140	2

0	141	41
1	141	19
2	141	4
3	141	30
4	141	30
5	141	21
6	141	47
7	141	11
8	141	6
9	141	43

0	142	27
1	142	41
2	142	47
3	142	40
4	142	5
5	142	20
6	142	12
7	142	6
8	142	43
9	142	47

0	143	4
1	143	53
2	143	38
3	143	18
4	143	3
5	143	11
6	143	38
7	143	37
8	143	3
9	143	39

0	144	48
1	144	51
2	144	20
3	144	1
4	144	31
5	144	17
6	144	11
7	144	52
8	144	16
9	144	48

0	145	39
1	145	11
2	145	36
3	145	10
4	145	38
5	145	51
6	145	21
7	145	10
8	145	44
9	145	28

0	146	0
1	146	8
2	146	24
3	146	27
4	146	12
5	146	44
6	146	30
7	146	9
8	146	0
9	146	15

0	147	1
1	147	18
2	147	50
3	147	32
4	147	22
5	147	40
6	147	31
7	147	21
8	147	7
9	147	19

0	148	30
1	148	42
2	148	31
3	148	31
4	148	49
5	148	32
6	148	36
7	148	49
8	148	46
9	148	16

0	149	50
1	149	40
2	149	25
3	149	11
4	149	4
5	149	22
6	149	13
7	149	53
8	149	2
9	149	53

0	150	23
1	150	27
2	150	21
3	150	2
4	150	53
5	150	34
6	150	5
7	150	8
8	150	35
9	150	33

0	151	53
1	151	34
2	151	8
3	151	42
4	151	18
5	151	35
6	151	50
7	151	41
8	151	30
9	151	30

0	152	32
1	152	35
2	152	30
3	152	5
4	152	15
5	152	10
6	152	39
7	152	18
8	152	32
9	152	46

0	153	13
1	153	16
2	153	34
3	153	37
4	153	16
5	153	38
6	153	19
7	153	19
8	153	47
9	153	50

0	154	21
1	154	49
2	154	6
3	154	35
4	154	26
5	154	52
6	154	20
7	154	33
8	154	24
9	154	2

0	155	49
1	155	20
2	155	7
3	155	35
4	155	51
5	155	38
6	155	45
7	155	24
8	155	12
9	155	46

0	156	24
1	156	53
2	156	40
3	156	36
4	156	18
5	156	45
6	156	21
7	156	31
8	156	52
9	156	1

0	157	11
1	157	32
2	157	44
3	157	53
4	157	51
5	157	26
6	157	6
7	157	20
8	157	31
9	157	15

0	158	17
1	158	23
2	158	17
3	158	49
4	158	8
5	158	15
6	158	46
7	158	27
8	158	45
9	158	0

0	159	26
1	159	34
2	159	4
3	159	41
4	159	42
5	159	3
6	159	23
7	159	14
8	159	24
9	159	49

0	160	40
1	160	27
2	160	38
3	160	4
4	160	21
5	160	42
6	160	9
7	160	40
8	160	19
9	160	7

0	161	43
1	161	33
2	161	52
3	161	23
4	161	6
5	161	37
6	161	48
7	161	35
8	161	51
9	161	3

0	162	53
1	162	0
2	162	2
3	162	15
4	162	34
5	162	51
6	162	30
7	162	46
8	162	13
9	162	29

0	163	29
1	163	22
2	163	23
3	163	46
4	163	24
5	163	12
6	163	37
7	163	39
8	163	6
9	163	10

0	164	0
1	164	11
2	164	7
3	164	7
4	164	3
5	164	14
6	164	29
7	164	17
8	164	23
9	164	22

0	165	37
1	165	12
2	165	17
3	165	25
4	165	5
5	165	18
6	165	32
7	165	51
8	165	24
9	165	34

0	166	17
1	166	35
2	166	31
3	166	27
4	166	39
5	166	22
6	166	36
7	166	43
8	166	24
9	166	53

0	167	26
1	167	14
2	167	49
3	167	29
4	167	10
5	167	48
6	167	47
7	167	45
8	167	41
9	167	5

0	168	20
1	168	17
2	168	10
3	168	16
4	168	16
5	168	40
6	168	21
7	168	35
8	168	27
9	168	15

0	169	39
1	169	12
2	169	5
3	169	48
4	169	12
5	169	27
6	169	20
7	169	42
8	169	32
9	169	12

0	170	15
1	170	25
2	170	0
3	170	15
4	170	41
5	170	25
6	170	17
7	170	12
8	170	8
9	170	45

0	171	14
1	171	24
2	171	32
3	171	25
4	171	2
5	171	6
6	171	26
7	171	50
8	171	40
9	171	10

0	172	28
1	172	10
2	172	25
3	172	44
4	172	1
5	172	36
6	172	15
7	172	43
8	172	39
9	172	24

0	173	21
1	173	11
2	173	14
3	173	50
4	173	3
5	173	43
6	173	6
7	173	3
8	173	34
9	173	47

0	174	50
1	174	0
2	174	8
3	174	30
4	174	5
5	174	9
6	174	52
7	174	33
8	174	14
9	174	44

0	175	47
1	175	8
2	175	24
3	175	36
4	175	6
5	175	27
6	175	30
7	175	18
8	175	5
9	175	34

0	176	0
1	176	30
2	176	37
3	176	3
4	176	49
5	176	21
6	176	16
7	176	25
8	176	32
9	176	40

0	177	37
1	177	36
2	177	47
3	177	47
4	177	48
5	177	15
6	177	2
7	177	11
8	177	26
9	177	19

0	178	28
1	178	39
2	178	29
3	178	5
4	178	46
5	178	16
6	178	13
7	178	40
8	178	9
9	178	27

0	179	35
1	179	36
2	179	46
3	179	45
4	179	7
5	179	40
6	179	38
7	179	11
8	179	13
9	179	47

0	180	18
1	180	38
2	180	10
3	180	37
4	180	47
5	180	10
6	180	5
7	180	32
8	180	16
9	180	28

0	181	3
1	181	39
2	181	7
3	181	1
4	181	31
5	181	3
6	181	28
7	181	48
8	181	29
9	181	15

0	182	26
1	182	15
2	182	35
3	182	35
4	182	14
5	182	9
6	182	44
7	182	53
8	182	41
9	182	3

0	183	40
1	183	2
2	183	4
3	183	23
4	183	46
5	183	51
6	183	30
7	183	1
8	183	20
9	183	40

0	184	8
1	184	4
2	184	36
3	184	32
4	184	16
5	184	46
6	184	9
7	184	44
8	184	32
9	184	40

0	185	29
1	185	13
2	185	22
3	185	29
4	185	46
5	185	10
6	185	10
7	185	45
8	185	51
9	185	32

0	186	9
1	186	33
2	186	39
3	186	7
4	186	27
5	186	11
6	186	8
7	186	14
8	186	11
9	186	33

0	187	21
1	187	6
2	187	14
3	187	22
4	187	47
5	187	33
6	187	36
7	187	16
8	187	27
9	187	21

0	188	31
1	188	20
2	188	26
3	188	20
4	188	1
5	188	52
6	188	38
7	188	25
8	188	11
9	188	23

0	189	26
1	189	3
2	189	35
3	189	17
4	189	5
5	189	36
6	189	25
7	189	6
8	189	39
9	189	49

0	190	28
1	190	39
2	190	18
3	190	4
4	190	43
5	190	13
6	190	45
7	190	5
8	190	49
9	190	39

0	191	25
1	191	27
2	191	33
3	191	11
4	191	0
5	191	3
6	191	16
7	191	6
8	191	29
9	191	43

0	192	0
1	192	42
2	192	35
3	192	53
4	192	37
5	192	15
6	192	8
7	192	49
8	192	37
9	192	10

0	193	23
1	193	11
2	193	45
3	193	20
4	193	3
5	193	18
6	193	35
7	193	35
8	193	14
9	193	15

0	194	11
1	194	12
2	194	11
3	194	31
4	194	7
5	194	5
6	194	2
7	194	39
8	194	12
9	194	31

0	195	1
1	195	17
2	195	44
3	195	1
4	195	45
5	195	34
6	195	14
7	195	42
8	195	25
9	195	32

0	196	26
1	196	53
2	196	30
3	196	44
4	196	39
5	196	41
6	196	52
7	196	13
8	196	29
9	196	9

0	197	37
1	197	25
2	197	15
3	197	51
4	197	23
5	197	4
6	197	7
7	197	13
8	197	1
9	197	5

0	198	52
1	198	14
2	198	47
3	198	52
4	198	35
5	198	15
6	198	51
7	198	34
8	198	53
9	198	34

0	199	44
1	199	44
2	199	2
3	199	53
4	199	10
5	199	42
6	199	15
7	199	29
8	199	36
9	199	12

0	200	34
1	200	49
2	200	20
3	200	46
4	200	22
5	200	52
6	200	9
7	200	47
8	200	31
9	200	11

0	201	10
1	201	31
2	201	36
3	201	45
4	201	47
5	201	18
6	201	52
7	201	12
8	201	33
9	201	13

0	202	15
1	202	13
2	202	53
3	202	47
4	202	50
5	202	10
6	202	2
7	202	44
8	202	32
9	202	38

0	203	12
1	203	29
2	203	16
3	203	33
4	203	46
5	203	51
6	203	8
7	203	5
8	203	45
9	203	52

0	204	13
1	204	33
2	204	18
3	204	35
4	204	45
5	204	48
6	204	10
7	204	0
8	204	1
9	204	26

0	205	27
1	205	3
2	205	42
3	205	29
4	205	5
5	205	28
6	205	15
7	205	52
8	205	28
9	205	43

0	206	4
1	206	52
2	206	31
3	206	48
4	206	27
5	206	1
6	206	5
7	206	45
8	206	25
9	206	18

0	207	23
1	207	50
2	207	34
3	207	39
4	207	48
5	207	23
6	207	24
7	207	37
8	207	18
9	207	0

0	208	14
1	208	28
2	208	28
3	208	4
4	208	11
5	208	42
6	208	12
7	208	1
8	208	7
9	208	31

0	209	19
1	209	19
2	209	25
3	209	36
4	209	0
5	209	0
6	209	36
7	209	14
8	209	44
9	209	40

0	210	25
1	210	5
2	210	17
3	210	3
4	210	44
5	210	43
6	210	1
7	210	33
8	210	36
9	210	28

0	211	31
1	211	21
2	211	39
3	211	9
4	211	4
5	211	6
6	211	50
7	211	39
8	211	28
9	211	21

0	212	17
1	212	2
2	212	49
3	212	43
4	212	43
5	212	50
6	212	40
7	212	21
8	212	2
9	212	6

0	213	15
1	213	26
2	213	26
3	213	24
4	213	52
5	213	49
6	213	39
7	213	32
8	213	8
9	213	43

0	214	2
1	214	22
2	214	14
3	214	10
4	214	8
5	214	40
6	214	33
7	214	8
8	214	35
9	214	26

0	215	21
1	215	11
2	215	35
3	215	35
4	215	47
5	215	47
6	215	27
7	215	41
8	215	51
9	215	34

0	216	23
1	216	47
2	216	15
3	216	16
4	216	15
5	216	17
6	216	5
7	216	42
8	216	36
9	216	28

0	217	47
1	217	11
2	217	7
3	217	50
4	217	41
5	217	2
6	217	38
7	217	6
8	217	8
9	217	24

0	218	39
1	218	34
2	218	4
3	218	32
4	218	29
5	218	3
6	218	15
7	218	10
8	218	39
9	218	14

0	219	41
1	219	37
2	219	33
3	219	24
4	219	36
5	219	49
6	219	32
7	219	45
8	219	49
9	219	37

0	220	6
1	220	24
2	220	34
3	220	19
4	220	16
5	220	15
6	220	1
7	220	52
8	220	46
9	220	5

0	221	10
1	221	35
2	221	9
3	221	30
4	221	19
5	221	40
6	221	13
7	221	7
8	221	43
9	221	39

0	222	21
1	222	3
2	222	27
3	222	25
4	222	23
5	222	43
6	222	23
7	222	39
8	222	29
9	222	27

0	223	25
1	223	28
2	223	2
3	223	21
4	223	15
5	223	33
6	223	25
7	223	8
8	223	1
9	223	46

0	224	32
1	224	33
2	224	25
3	224	6
4	224	16
5	224	4
6	224	22
7	224	22
8	224	3
9	224	0

0	225	22
1	225	24
2	225	1
3	225	24
4	225	13
5	225	47
6	225	24
7	225	30
8	225	24
9	225	18

0	226	11
1	226	40
2	226	49
3	226	17
4	226	4
5	226	6
6	226	29
7	226	38
8	226	47
9	226	37

0	227	40
1	227	34
2	227	28
3	227	46
4	227	52
5	227	40
6	227	35
7	227	26
8	227	23
9	227	12

0	228	0
1	228	3
2	228	10
3	228	36
4	228	3
5	228	34
6	228	0
7	228	18
8	228	30
9	228	51

0	229	6
1	229	39
2	229	44
3	229	53
4	229	8
5	229	32
6	229	44
7	229	45
8	229	53
9	229	0

0	230	13
1	230	0
2	230	39
3	230	45
4	230	42
5	230	0
6	230	10
7	230	19
8	230	38
9	230	6

0	231	20
1	231	52
2	231	14
3	231	22
4	231	45
5	231	13
6	231	1
7	231	1
8	231	33
9	231	22

0	232	9
1	232	10
2	232	44
3	232	51
4	232	51
5	232	19
6	232	35
7	232	17
8	232	19
9	232	52

0	233	18
1	233	18
2	233	6
3	233	17
4	233	6
5	233	34
6	233	50
7	233	38
8	233	6
9	233	7

0	234	11
1	234	39
2	234	30
3	234	0
4	234	46
5	234	53
6	234	48
7	234	3
8	234	17
9	234	2

0	235	0
1	235	32
2	235	49
3	235	31
4	235	30
5	235	12
6	235	8
7	235	9
8	235	44
9	235	5

0	236	44
1	236	17
2	236	42
3	236	39
4	236	50
5	236	42
6	236	7
7	236	4
8	236	38
9	236	30

0	237	18
1	237	41
2	237	0
3	237	32
4	237	46
5	237	53
6	237	25
7	237	34
8	237	48
9	237	50

0	238	5
1	238	8
2	238	47
3	238	3
4	238	2
5	238	25
6	238	2
7	238	21
8	238	36
9	238	33

0	239	52
1	239	21
2	239	19
3	239	36
4	239	47
5	239	3
6	239	51
7	239	45
8	239	27
9	239	3

0	240	10
1	240	13
2	240	33
3	240	30
4	240	32
5	240	10
6	240	52
7	240	46
8	240	20
9	240	9

0	241	28
1	241	49
2	241	39
3	241	13
4	241	26
5	241	34
6	241	11
7	241	47
8	241	25
9	241	17

0	242	8
1	242	21
2	242	3
3	242	28
4	242	20
5	242	50
6	242	25
7	242	48
8	242	18
9	242	48

0	243	32
1	243	6
2	243	6
3	243	30
4	243	44
5	243	30
6	243	51
7	243	6
8	243	3
9	243	22

0	244	22
1	244	18
2	244	42
3	244	5
4	244	11
5	244	41
6	244	34
7	244	30
8	244	39
9	244	27

0	245	49
1	245	5
2	245	7
3	245	31
4	245	46
5	245	29
6	245	0
7	245	3
8	245	25
9	245	23

0	246	13
1	246	23
2	246	10
3	246	47
4	246	32
5	246	23
6	246	32
7	246	40
8	246	40
9	246	35

0	247	37
1	247	1
2	247	44
3	247	46
4	247	17
5	247	25
6	247	6
7	247	35
8	247	42
9	247	36

0	248	38
1	248	4
2	248	8
3	248	11
4	248	9
5	248	21
6	248	14
7	248	43
8	248	19
9	248	10

0	249	0
1	249	0
2	249	47
3	249	0
4	249	37
5	249	48
6	249	15
7	249	42
8	249	48
9	249	42

0	250	9
1	250	52
2	250	46
3	250	51
4	250	8
5	250	10
6	250	45
7	250	6
8	250	4
9	250	8

0	251	47
1	251	22
2	251	37
3	251	48
4	251	26
5	251	28
6	251	9
7	251	1
8	251	33
9	251	22

0	252	49
1	252	38
2	252	5
3	252	35
4	252	33
5	252	37
6	252	52
7	252	14
8	252	19
9	252	52

0	253	18
1	253	11
2	253	41
3	253	34
4	253	50
5	253	20
6	253	42
7	253	19
8	253	11
9	253	32

0	254	6
1	254	3
2	254	13
3	254	50
4	254	3
5	254	21
6	254	46
7	254	27
8	254	22
9	254	20

0	255	34
1	255	31
2	255	23
3	255	36
4	255	24
5	255	24
6	255	22
7	255	43
8	255	32
9	255	44

0	256	53
1	256	12
2	256	12
3	256	25
4	256	14
5	256	42
6	256	29
7	256	45
8	256	24
9	256	15

0	257	31
1	257	6
2	257	34
3	257	30
4	257	39
5	257	13
6	257	0
7	257	33
8	257	38
9	257	28

0	258	1
1	258	37
2	258	15
3	258	0
4	258	18
5	258	17
6	258	18
7	258	37
8	258	47
9	258	45

0	259	26
1	259	32
2	259	0
3	259	41
4	259	6
5	259	9
6	259	47
7	259	29
8	259	50
9	259	21

0	260	44
1	260	4
2	260	47
3	260	46
4	260	22
5	260	12
6	260	36
7	260	49
8	260	52
9	260	9

0	261	24
1	261	42
2	261	28
3	261	7
4	261	27
5	261	38
6	261	35
7	261	9
8	261	1
9	261	17

0	262	10
1	262	47
2	262	1
3	262	37
4	262	35
5	262	31
6	262	37
7	262	25
8	262	29
9	262	23

0	263	11
1	263	28
2	263	50
3	263	5
4	263	47
5	263	33
6	263	2
7	263	4
8	263	46
9	263	1

0	264	8
1	264	0
2	264	32
3	264	18
4	264	9
5	264	46
6	264	41
7	264	16
8	264	3
9	264	5

0	265	29
1	265	33
2	265	33
3	265	31
4	265	51
5	265	14
6	265	31
7	265	22
8	265	49
9	265	4

0	266	17
1	266	29
2	266	18
3	266	40
4	266	41
5	266	41
6	266	15
7	266	30
8	266	13
9	266	43

0	267	38
1	267	40
2	267	10
3	267	33
4	267	17
5	267	37
6	267	17
7	267	17
8	267	48
9	267	12

0	268	1
1	268	40
2	268	51
3	268	42
4	268	24
5	268	4
6	268	48
7	268	34
8	268	1
9	268	34

0	269	53
1	269	20
2	269	48
3	269	26
4	269	28
5	269	42
6	269	17
7	269	48
8	269	21
9	269	18

0	270	46
1	270	48
2	270	53
3	270	39
4	270	14
5	270	10
6	270	31
7	270	16
8	270	12
9	270	25

0	271	3
1	271	9
2	271	47
3	271	12
4	271	33
5	271	39
6	271	40
7	271	32
8	271	26
9	271	23

0	272	48
1	272	32
2	272	12
3	272	9
4	272	25
5	272	21
6	272	27
7	272	13
8	272	34
9	272	50

0	273	38
1	273	52
2	273	2
3	273	41
4	273	8
5	273	31
6	273	25
7	273	21
8	273	8
9	273	36

0	274	14
1	274	37
2	274	32
3	274	0
4	274	39
5	274	1
6	274	28
7	274	42
8	274	11
9	274	38

0	275	28
1	275	12
2	275	7
3	275	40
4	275	23
5	275	13
6	275	19
7	275	3
8	275	30
9	275	20

0	276	19
1	276	30
2	276	1
3	276	47
4	276	21
5	276	48
6	276	9
7	276	47
8	276	8
9	276	29

0	277	29
1	277	20
2	277	6
3	277	37
4	277	35
5	277	17
6	277	52
7	277	26
8	277	20
9	277	12

0	278	35
1	278	53
2	278	17
3	278	8
4	278	34
5	278	44
6	278	34
7	278	5
8	278	49
9	278	6

0	279	22
1	279	2
2	279	30
3	279	14
4	279	45
5	279	41
6	279	1
7	279	19
8	279	24
9	279	31

0	280	46
1	280	14
2	280	53
3	280	23
4	280	32
5	280	47
6	280	43
7	280	18
8	280	8
9	280	3

0	281	15
1	281	22
2	281	27
3	281	24
4	281	33
5	281	19
6	281	11
7	281	26
8	281	0
9	281	29

0	282	4
1	282	30
2	282	19
3	282	17
4	282	5
5	282	7
6	282	44
7	282	12
8	282	32
9	282	26

0	283	30
1	283	52
2	283	44
3	283	45
4	283	17
5	283	20
6	283	19
7	283	32
8	283	6
9	283	23

0	284	45
1	284	43
2	284	35
3	284	21
4	284	17
5	284	36
6	284	20
7	284	19
8	284	37
9	284	35

0	285	36
1	285	47
2	285	15
3	285	14
4	285	35
5	285	2
6	285	10
7	285	44
8	285	38
9	285	42

0	286	30
1	286	41
2	286	29
3	286	28
4	286	47
5	286	22
6	286	47
7	286	31
8	286	7
9	286	43

0	287	4
1	287	50
2	287	5
3	287	7
4	287	20
5	287	16
6	287	26
7	287	48
8	287	17
9	287	36

0	288	16
1	288	53
2	288	49
3	288	25
4	288	39
5	288	7
6	288	31
7	288	8
8	288	52
9	288	14

0	289	2
1	289	41
2	289	52
3	289	45
4	289	36
5	289	45
6	289	47
7	289	34
8	289	1
9	289	25

0	290	34
1	290	32
2	290	53
3	290	39
4	290	22
5	290	13
6	290	36
7	290	40
8	290	14
9	290	46

0	291	23
1	291	53
2	291	18
3	291	31
4	291	53
5	291	15
6	291	1
7	291	45
8	291	5
9	291	44

0	292	12
1	292	33
2	292	20
3	292	46
4	292	34
5	292	26
6	292	41
7	292	27
8	292	53
9	292	34

0	293	6
1	293	4
2	293	45
3	293	1
4	293	40
5	293	12
6	293	12
7	293	16
8	293	5
9	293	48

0	294	7
1	294	15
2	294	21
3	294	5
4	294	37
5	294	41
6	294	47
7	294	23
8	294	33
9	294	18

0	295	14
1	295	29
2	295	4
3	295	24
4	295	4
5	295	46
6	295	51
7	295	52
8	295	10
9	295	50

0	296	46
1	296	13
2	296	39
3	296	26
4	296	27
5	296	30
6	296	16
7	296	28
8	296	20
9	296	11

0	297	13
1	297	46
2	297	19
3	297	22
4	297	13
5	297	29
6	297	11
7	297	9
8	297	48
9	297	44

0	298	51
1	298	19
2	298	12
3	298	33
4	298	27
5	298	50
6	298	29
7	298	41
8	298	41
9	298	41

0	299	25
1	299	16
2	299	41
3	299	38
4	299	8
5	299	32
6	299	53
7	299	37
8	299	23
9	299	19

0	300	28
1	300	50
2	300	25
3	300	41
4	300	1
5	300	45
6	300	24
7	300	28
8	300	29
9	300	23

0	301	8
1	301	18
2	301	34
3	301	5
4	301	10
5	301	42
6	301	6
7	301	34
8	301	17
9	301	29

0	302	18
1	302	34
2	302	23
3	302	6
4	302	32
5	302	24
6	302	44
7	302	22
8	302	36
9	302	47

0	303	42
1	303	3
2	303	47
3	303	11
4	303	42
5	303	28
6	303	30
7	303	4
8	303	51
9	303	50

0	304	9
1	304	8
2	304	11
3	304	51
4	304	12
5	304	27
6	304	34
7	304	1
8	304	4
9	304	30

0	305	41
1	305	20
2	305	51
3	305	15
4	305	45
5	305	33
6	305	3
7	305	17
8	305	18
9	305	39

0	306	32
1	306	22
2	306	5
3	306	43
4	306	38
5	306	1
6	306	5
7	306	16
8	306	7
9	306	53

0	307	33
1	307	15
2	307	7
3	307	34
4	307	4
5	307	35
6	307	36
7	307	34
8	307	2
9	307	24

0	308	36
1	308	33
2	308	6
3	308	8
4	308	2
5	308	5
6	308	5
7	308	50
8	308	50
9	308	15

0	309	25
1	309	19
2	309	24
3	309	19
4	309	33
5	309	45
6	309	38
7	309	37
8	309	2
9	309	39

0	310	33
1	310	17
2	310	13
3	310	34
4	310	48
5	310	24
6	310	18
7	310	48
8	310	5
9	310	25

0	311	26
1	311	25
2	311	15
3	311	20
4	311	40
5	311	26
6	311	24
7	311	16
8	311	27
9	311	24

0	312	46
1	312	42
2	312	13
3	312	27
4	312	24
5	312	30
6	312	23
7	312	51
8	312	31
9	312	17

0	313	37
1	313	25
2	313	39
3	313	0
4	313	11
5	313	33
6	313	28
7	313	24
8	313	8
9	313	15

0	314	34
1	314	17
2	314	1
3	314	44
4	314	33
5	314	33
6	314	17
7	314	8
8	314	52
9	314	38

0	315	35
1	315	50
2	315	53
3	315	32
4	315	3
5	315	25
6	315	16
7	315	24
8	315	40
9	315	27

0	316	15
1	316	10
2	316	7
3	316	10
4	316	46
5	316	21
6	316	40
7	316	28
8	316	8
9	316	26

0	317	24
1	317	11
2	317	33
3	317	29
4	317	15
5	317	16
6	317	39
7	317	19
8	317	31
9	317	5

0	318	49
1	318	22
2	318	27
3	318	41
4	318	38
5	318	23
6	318	46
7	318	40
8	318	12
9	318	0

0	319	18
1	319	34
2	319	0
3	319	15
4	319	1
5	319	11
6	319	7
7	319	31
8	319	48
9	319	23

0	320	2
1	320	33
2	320	36
3	320	19
4	320	47
5	320	53
6	320	22
7	320	43
8	320	8
9	320	53

0	321	3
1	321	17
2	321	34
3	321	48
4	321	33
5	321	43
6	321	2
7	321	7
8	321	24
9	321	18

0	322	45
1	322	43
2	322	14
3	322	3
4	322	21
5	322	15
6	322	46
7	322	23
8	322	25
9	322	35

0	323	14
1	323	9
2	323	50
3	323	40
4	323	1
5	323	14
6	323	32
7	323	51
8	323	34
9	323	10

0	324	41
1	324	5
2	324	7
3	324	18
4	324	32
5	324	36
6	324	33
7	324	48
8	324	13
9	324	47

0	325	20
1	325	6
2	325	30
3	325	27
4	325	14
5	325	49
6	325	5
7	325	16
8	325	29
9	325	29

0	326	30
1	326	18
2	326	1
3	326	52
4	326	49
5	326	35
6	326	22
7	326	53
8	326	15
9	326	48

0	327	38
1	327	29
2	327	40
3	327	42
4	327	5
5	327	8
6	327	25
7	327	46
8	327	30
9	327	40

0	328	50
1	328	10
2	328	34
3	328	44
4	328	25
5	328	23
6	328	27
7	328	11
8	328	27
9	328	1

0	329	4
1	329	16
2	329	51
3	329	36
4	329	14
5	329	47
6	329	10
7	329	24
8	329	47
9	329	5

0	330	31
1	330	40
2	330	42
3	330	49
4	330	50
5	330	23
6	330	0
7	330	35
8	330	26
9	330	20

0	331	21
1	331	30
2	331	49
3	331	11
4	331	38
5	331	26
6	331	30
7	331	53
8	331	38
9	331	22

0	332	48
1	332	10
2	332	20
3	332	18
4	332	40
5	332	17
6	332	9
7	332	38
8	332	8
9	332	53

0	333	11
1	333	45
2	333	17
3	333	7
4	333	46
5	333	36
6	333	12
7	333	22
8	333	7
9	333	40

0	334	34
1	334	6
2	334	42
3	334	0
4	334	6
5	334	2
6	334	36
7	334	8
8	334	40
9	334	43

0	335	44
1	335	22
2	335	30
3	335	18
4	335	35
5	335	19
6	335	52
7	335	50
8	335	29
9	335	20

0	336	36
1	336	38
2	336	34
3	336	5
4	336	47
5	336	4
6	336	46
7	336	16
8	336	6
9	336	35

0	337	43
1	337	24
2	337	43
3	337	2
4	337	27
5	337	44
6	337	33
7	337	34
8	337	35
9	337	17

0	338	46
1	338	51
2	338	42
3	338	13
4	338	38
5	338	10
6	338	6
7	338	49
8	338	25
9	338	16

0	339	14
1	339	43
2	339	31
3	339	20
4	339	44
5	339	9
6	339	37
7	339	45
8	339	26
9	339	25

0	340	16
1	340	47
2	340	53
3	340	16
4	340	33
5	340	28
6	340	5
7	340	6
8	340	7
9	340	30

0	341	34
1	341	53
2	341	26
3	341	42
4	341	17
5	341	5
6	341	43
7	341	15
8	341	49
9	341	48

0	342	27
1	342	15
2	342	29
3	342	2
4	342	10
5	342	30
6	342	39
7	342	27
8	342	2
9	342	10

0	343	10
1	343	28
2	343	35
3	343	11
4	343	42
5	343	32
6	343	30
7	343	12
8	343	4
9	343	44

0	344	23
1	344	19
2	344	7
3	344	34
4	344	22
5	344	27
6	344	49
7	344	34
8	344	15
9	344	1

0	345	39
1	345	37
2	345	16
3	345	10
4	345	15
5	345	16
6	345	45
7	345	5
8	345	50
9	345	33

0	346	24
1	346	38
2	346	24
3	346	31
4	346	26
5	346	51
6	346	53
7	346	51
8	346	43
9	346	35

0	347	29
1	347	20
2	347	40
3	347	44
4	347	7
5	347	3
6	347	49
7	347	20
8	347	35
9	347	39

0	348	39
1	348	12
2	348	29
3	348	36
4	348	17
5	348	44
6	348	24
7	348	36
8	348	6
9	348	28

0	349	4
1	349	16
2	349	35
3	349	24
4	349	42
5	349	45
6	349	20
7	349	5
8	349	5
9	349	12

0	350	36
1	350	19
2	350	25
3	350	20
4	350	6
5	350	42
6	350	6
7	350	12
8	350	34
9	350	10

0	351	43
1	351	53
2	351	40
3	351	43
4	351	1
5	351	35
6	351	4
7	351	48
8	351	17
9	351	45

0	352	8
1	352	48
2	352	13
3	352	1
4	352	43
5	352	33
6	352	8
7	352	13
8	352	2
9	352	23

0	353	40
1	353	32
2	353	39
3	353	2
4	353	13
5	353	51
6	353	43
7	353	39
8	353	53
9	353	34

0	354	53
1	354	26
2	354	27
3	354	5
4	354	29
5	354	11
6	354	22
7	354	40
8	354	53
9	354	1

0	355	2
1	355	9
2	355	38
3	355	37
4	355	25
5	355	43
6	355	30
7	355	25
8	355	42
9	355	52

0	356	6
1	356	40
2	356	30
3	356	8
4	356	51
5	356	8
6	356	7
7	356	42
8	356	40
9	356	24

0	357	36
1	357	52
2	357	41
3	357	4
4	357	39
5	357	18
6	357	25
7	357	19
8	357	34
9	357	35

0	358	16
1	358	4
2	358	11
3	358	33
4	358	17
5	358	40
6	358	31
7	358	23
8	358	8
9	358	17

0	359	1
1	359	23
2	359	11
3	359	23
4	359	22
5	359	46
6	359	44
7	359	32
8	359	31
9	359	16

0	360	45
1	360	10
2	360	24
3	360	21
4	360	45
5	360	53
6	360	7
7	360	34
8	360	25
9	360	32

0	361	17
1	361	27
2	361	33
3	361	3
4	361	32
5	361	5
6	361	6
7	361	3
8	361	39
9	361	38

0	362	3
1	362	50
2	362	46
3	362	11
4	362	20
5	362	29
6	362	13
7	362	9
8	362	0
9	362	3

0	363	12
1	363	5
2	363	4
3	363	39
4	363	16
5	363	39
6	363	29
7	363	46
8	363	50
9	363	33

0	364	35
1	364	31
2	364	53
3	364	28
4	364	39
5	364	27
6	364	10
7	364	1
8	364	4
9	364	6

0	365	0
1	365	22
2	365	47
3	365	29
4	365	36
5	365	30
6	365	0
7	365	17
8	365	15
9	365	30

0	366	42
1	366	21
2	366	16
3	366	4
4	366	50
5	366	31
6	366	41
7	366	31
8	366	32
9	366	4

0	367	15
1	367	44
2	367	10
3	367	7
4	367	21
5	367	4
6	367	1
7	367	19
8	367	26
9	367	44

0	368	49
1	368	34
2	368	32
3	368	1
4	368	41
5	368	19
6	368	19
7	368	51
8	368	46
9	368	5

0	369	39
1	369	37
2	369	26
3	369	42
4	369	31
5	369	9
6	369	53
7	369	37
8	369	7
9	369	24

0	370	48
1	370	41
2	370	49
3	370	10
4	370	11
5	370	41
6	370	2
7	370	21
8	370	28
9	370	53

0	371	16
1	371	49
2	371	37
3	371	49
4	371	15
5	371	21
6	371	31
7	371	6
8	371	12
9	371	20

0	372	46
1	372	13
2	372	29
3	372	13
4	372	51
5	372	45
6	372	37
7	372	15
8	372	17
9	372	7

0	373	16
1	373	48
2	373	38
3	373	0
4	373	38
5	373	37
6	373	16
7	373	16
8	373	25
9	373	33

0	374	33
1	374	26
2	374	2
3	374	5
4	374	15
5	374	0
6	374	40
7	374	50
8	374	30
9	374	15

0	375	28
1	375	15
2	375	48
3	375	20
4	375	42
5	375	31
6	375	26
7	375	41
8	375	50
9	375	39

0	376	7
1	376	30
2	376	34
3	376	10
4	376	7
5	376	46
6	376	51
7	376	39
8	376	48
9	376	50

0	377	9
1	377	27
2	377	38
3	377	3
4	377	10
5	377	45
6	377	8
7	377	28
8	377	25
9	377	51

0	378	17
1	378	50
2	378	24
3	378	26
4	378	10
5	378	28
6	378	7
7	378	44
8	378	2
9	378	8

0	379	22
1	379	53
2	379	30
3	379	32
4	379	33
5	379	26
6	379	39
7	379	5
8	379	51
9	379	30

0	380	52
1	380	9
2	380	22
3	380	6
4	380	8
5	380	30
6	380	22
7	380	51
8	380	12
9	380	12

0	381	4
1	381	14
2	381	16
3	381	48
4	381	44
5	381	28
6	381	32
7	381	6
8	381	26
9	381	45

0	382	1
1	382	28
2	382	41
3	382	26
4	382	39
5	382	25
6	382	31
7	382	50
8	382	3
9	382	21

0	383	18
1	383	20
2	383	4
3	383	49
4	383	14
5	383	24
6	383	49
7	383	10
8	383	47
9	383	4

0	384	22
1	384	33
2	384	52
3	384	29
4	384	2
5	384	3
6	384	5
7	384	52
8	384	18
9	384	14

0	385	6
1	385	4
2	385	11
3	385	28
4	385	3
5	385	35
6	385	29
7	385	9
8	385	16
9	385	13

0	386	12
1	386	2
2	386	53
3	386	47
4	386	23
5	386	29
6	386	40
7	386	37
8	386	30
9	386	18

0	387	23
1	387	1
2	387	32
3	387	14
4	387	22
5	387	4
6	387	37
7	387	20
8	387	6
9	387	36

0	388	41
1	388	44
2	388	20
3	388	53
4	388	3
5	388	11
6	388	36
7	388	31
8	388	5
9	388	36

0	389	13
1	389	36
2	389	13
3	389	20
4	389	40
5	389	48
6	389	21
7	389	0
8	389	52
9	389	41

0	390	42
1	390	1
2	390	36
3	390	34
4	390	31
5	390	27
6	390	23
7	390	30
8	390	0
9	390	37

0	391	16
1	391	27
2	391	34
3	391	0
4	391	36
5	391	37
6	391	14
7	391	42
8	391	45
9	391	33

0	392	28
1	392	28
2	392	6
3	392	41
4	392	42
5	392	33
6	392	47
7	392	6
8	392	48
9	392	29

0	393	46
1	393	33
2	393	50
3	393	30
4	393	48
5	393	8
6	393	42
7	393	5
8	393	5
9	393	49

0	394	6
1	394	20
2	394	22
3	394	11
4	394	38
5	394	33
6	394	51
7	394	29
8	394	2
9	394	21

0	395	43
1	395	44
2	395	19
3	395	35
4	395	48
5	395	26
6	395	18
7	395	46
8	395	18
9	395	20

0	396	10
1	396	47
2	396	11
3	396	21
4	396	11
5	396	27
6	396	19
7	396	52
8	396	14
9	396	14

0	397	39
1	397	2
2	397	18
3	397	49
4	397	9
5	397	19
6	397	50
7	397	7
8	397	53
9	397	27

0	398	18
1	398	7
2	398	22
3	398	29
4	398	4
5	398	10
6	398	2
7	398	18
8	398	33
9	398	46

0	399	50
1	399	36
2	399	20
3	399	5
4	399	38
5	399	33
6	399	7
7	399	5
8	399	5
9	399	53

0	400	53
1	400	24
2	400	13
3	400	0
4	400	40
5	400	8
6	400	40
7	400	31
8	400	40
9	400	26

0	401	32
1	401	36
2	401	38
3	401	0
4	401	6
5	401	22
6	401	48
7	401	40
8	401	4
9	401	17

0	402	18
1	402	13
2	402	33
3	402	31
4	402	32
5	402	17
6	402	6
7	402	11
8	402	26
9	402	35

0	403	20
1	403	5
2	403	33
3	403	43
4	403	13
5	403	9
6	403	11
7	403	16
8	403	3
9	403	13

0	404	40
1	404	43
2	404	6
3	404	4
4	404	30
5	404	27
6	404	32
7	404	8
8	404	39
9	404	14

0	405	36
1	405	44
2	405	49
3	405	49
4	405	8
5	405	25
6	405	30
7	405	45
8	405	52
9	405	31

0	406	1
1	406	25
2	406	37
3	406	48
4	406	28
5	406	11
6	406	38
7	406	51
8	406	31
9	406	42

0	407	14
1	407	14
2	407	50
3	407	36
4	407	51
5	407	20
6	407	41
7	407	34
8	407	15
9	407	35

0	408	25
1	408	4
2	408	29
3	408	33
4	408	29
5	408	37
6	408	53
7	408	1
8	408	21
9	408	18

0	409	18
1	409	30
2	409	9
3	409	39
4	409	35
5	409	36
6	409	0
7	409	2
8	409	17
9	409	47

0	410	8
1	410	31
2	410	10
3	410	30
4	410	2
5	410	1
6	410	15
7	410	7
8	410	0
9	410	45

0	411	44
1	411	12
2	411	48
3	411	27
4	411	5
5	411	6
6	411	43
7	411	17
8	411	33
9	411	27

0	412	34
1	412	9
2	412	45
3	412	50
4	412	18
5	412	26
6	412	22
7	412	9
8	412	7
9	412	36

0	413	22
1	413	6
2	413	4
3	413	17
4	413	38
5	413	5
6	413	45
7	413	27
8	413	19
9	413	3

0	414	23
1	414	39
2	414	42
3	414	42
4	414	15
5	414	39
6	414	5
7	414	42
8	414	25
9	414	1

0	415	3
1	415	40
2	415	19
3	415	13
4	415	10
5	415	45
6	415	8
7	415	26
8	415	13
9	415	51

0	416	35
1	416	33
2	416	39
3	416	12
4	416	1
5	416	16
6	416	13
7	416	49
8	416	29
9	416	9

0	417	47
1	417	3
2	417	1
3	417	13
4	417	2
5	417	0
6	417	6
7	417	22
8	417	3
9	417	17

0	418	48
1	418	7
2	418	29
3	418	32
4	418	12
5	418	1
6	418	30
7	418	53
8	418	35
9	418	23

0	419	4
1	419	50
2	419	51
3	419	51
4	419	4
5	419	21
6	419	43
7	419	37
8	419	47
9	419	25

0	420	31
1	420	16
2	420	11
3	420	15
4	420	9
5	420	48
6	420	20
7	420	11
8	420	9
9	420	24

0	421	5
1	421	21
2	421	33
3	421	32
4	421	6
5	421	24
6	421	40
7	421	46
8	421	44
9	421	42

0	422	52
1	422	28
2	422	48
3	422	17
4	422	45
5	422	13
6	422	48
7	422	11
8	422	17
9	422	24

0	423	1
1	423	19
2	423	44
3	423	42
4	423	6
5	423	53
6	423	12
7	423	47
8	423	20
9	423	2

0	424	5
1	424	36
2	424	4
3	424	26
4	424	33
5	424	6
6	424	2
7	424	5
8	424	42
9	424	38

0	425	51
1	425	2
2	425	12
3	425	12
4	425	34
5	425	49
6	425	35
7	425	24
8	425	13
9	425	20

0	426	51
1	426	2
2	426	12
3	426	12
4	426	34
5	426	49
6	426	35
7	426	24
8	426	13
9	426	20

0	427	0
1	427	49
2	427	17
3	427	10
4	427	4
5	427	34
6	427	4
7	427	25
8	427	4
9	427	9

0	428	24
1	428	45
2	428	7
3	428	13
4	428	1
5	428	42
6	428	28
7	428	35
8	428	39
9	428	26

0	429	16
1	429	3
2	429	12
3	429	31
4	429	43
5	429	13
6	429	32
7	429	46
8	429	29
9	429	1

0	430	27
1	430	43
2	430	27
3	430	48
4	430	42
5	430	5
6	430	3
7	430	14
8	430	15
9	430	32

0	431	41
1	431	28
2	431	30
3	431	20
4	431	22
5	431	38
6	431	19
7	431	10
8	431	28
9	431	22

0	432	34
1	432	52
2	432	5
3	432	25
4	432	9
5	432	8
6	432	12
7	432	17
8	432	40
9	432	36

0	433	14
1	433	39
2	433	46
3	433	33
4	433	21
5	433	48
6	433	10
7	433	42
8	433	52
9	433	27

0	434	43
1	434	1
2	434	15
3	434	6
4	434	23
5	434	25
6	434	23
7	434	27
8	434	42
9	434	48

0	435	28
1	435	29
2	435	1
3	435	35
4	435	10
5	435	48
6	435	6
7	435	29
8	435	7
9	435	12

0	436	23
1	436	45
2	436	21
3	436	34
4	436	37
5	436	39
6	436	13
7	436	10
8	436	16
9	436	51

0	437	42
1	437	28
2	437	48
3	437	14
4	437	38
5	437	7
6	437	40
7	437	20
8	437	0
9	437	31

0	438	29
1	438	13
2	438	10
3	438	45
4	438	31
5	438	27
6	438	49
7	438	48
8	438	17
9	438	39

0	439	49
1	439	23
2	439	3
3	439	40
4	439	9
5	439	37
6	439	42
7	439	21
8	439	44
9	439	41

0	440	0
1	440	39
2	440	53
3	440	52
4	440	8
5	440	35
6	440	50
7	440	39
8	440	30
9	440	32

0	441	2
1	441	31
2	441	47
3	441	13
4	441	52
5	441	5
6	441	38
7	441	52
8	441	51
9	441	46

0	442	12
1	442	8
2	442	2
3	442	24
4	442	35
5	442	9
6	442	32
7	442	7
8	442	28
9	442	14

0	443	53
1	443	26
2	443	44
3	443	53
4	443	47
5	443	45
6	443	20
7	443	45
8	443	7
9	443	15

0	444	40
1	444	37
2	444	49
3	444	38
4	444	14
5	444	43
6	444	17
7	444	17
8	444	5
9	444	49

0	445	30
1	445	21
2	445	52
3	445	32
4	445	20
5	445	24
6	445	1
7	445	32
8	445	19
9	445	44

0	446	13
1	446	0
2	446	45
3	446	37
4	446	24
5	446	8
6	446	0
7	446	3
8	446	45
9	446	0

0	447	17
1	447	40
2	447	44
3	447	43
4	447	21
5	447	45
6	447	39
7	447	12
8	447	23
9	447	9

0	448	12
1	448	53
2	448	25
3	448	6
4	448	50
5	448	28
6	448	29
7	448	25
8	448	41
9	448	24

0	449	22
1	449	42
2	449	43
3	449	48
4	449	33
5	449	30
6	449	30
7	449	23
8	449	44
9	449	30

0	450	36
1	450	39
2	450	14
3	450	4
4	450	19
5	450	3
6	450	41
7	450	44
8	450	36
9	450	22

0	451	49
1	451	30
2	451	24
3	451	45
4	451	17
5	451	51
6	451	18
7	451	47
8	451	9
9	451	10

0	452	53
1	452	52
2	452	32
3	452	29
4	452	40
5	452	38
6	452	38
7	452	4
8	452	24
9	452	42

0	453	31
1	453	18
2	453	51
3	453	17
4	453	29
5	453	2
6	453	53
7	453	39
8	453	10
9	453	48

0	454	1
1	454	7
2	454	5
3	454	44
4	454	5
5	454	19
6	454	26
7	454	28
8	454	51
9	454	23

0	455	20
1	455	42
2	455	35
3	455	39
4	455	42
5	455	27
6	455	28
7	455	50
8	455	14
9	455	13

0	456	6
1	456	19
2	456	7
3	456	30
4	456	53
5	456	13
6	456	37
7	456	27
8	456	23
9	456	47

0	457	28
1	457	21
2	457	24
3	457	47
4	457	20
5	457	20
6	457	20
7	457	9
8	457	26
9	457	2

0	458	45
1	458	48
2	458	13
3	458	44
4	458	49
5	458	32
6	458	6
7	458	21
8	458	53
9	458	44

0	459	8
1	459	43
2	459	8
3	459	43
4	459	39
5	459	12
6	459	25
7	459	53
8	459	3
9	459	48

0	460	34
1	460	49
2	460	44
3	460	28
4	460	26
5	460	10
6	460	10
7	460	45
8	460	36
9	460	50

0	461	42
1	461	29
2	461	37
3	461	29
4	461	23
5	461	4
6	461	6
7	461	42
8	461	14
9	461	52

0	462	24
1	462	49
2	462	44
3	462	51
4	462	38
5	462	22
6	462	41
7	462	2
8	462	35
9	462	39

0	463	0
1	463	27
2	463	39
3	463	14
4	463	44
5	463	35
6	463	28
7	463	3
8	463	18
9	463	17

0	464	8
1	464	46
2	464	19
3	464	3
4	464	47
5	464	49
6	464	35
7	464	32
8	464	8
9	464	43

0	465	36
1	465	26
2	465	41
3	465	6
4	465	46
5	465	40
6	465	0
7	465	22
8	465	17
9	465	6

0	466	7
1	466	29
2	466	26
3	466	1
4	466	6
5	466	44
6	466	46
7	466	40
8	466	20
9	466	52

0	467	27
1	467	51
2	467	21
3	467	26
4	467	44
5	467	52
6	467	37
7	467	14
8	467	31
9	467	34

0	468	26
1	468	48
2	468	9
3	468	19
4	468	44
5	468	22
6	468	44
7	468	33
8	468	3
9	468	19

0	469	9
1	469	8
2	469	0
3	469	0
4	469	47
5	469	38
6	469	16
7	469	27
8	469	14
9	469	21

0	470	14
1	470	10
2	470	6
3	470	21
4	470	19
5	470	33
6	470	18
7	470	44
8	470	27
9	470	6

0	471	35
1	471	39
2	471	40
3	471	22
4	471	52
5	471	1
6	471	43
7	471	15
8	471	18
9	471	37

0	472	46
1	472	43
2	472	3
3	472	10
4	472	0
5	472	30
6	472	7
7	472	5
8	472	24
9	472	21

0	473	3
1	473	9
2	473	17
3	473	19
4	473	45
5	473	30
6	473	22
7	473	1
8	473	21
9	473	24

0	474	46
1	474	6
2	474	28
3	474	27
4	474	17
5	474	31
6	474	40
7	474	16
8	474	27
9	474	3

0	475	11
1	475	27
2	475	43
3	475	22
4	475	0
5	475	50
6	475	25
7	475	8
8	475	50
9	475	31

0	476	28
1	476	38
2	476	5
3	476	37
4	476	2
5	476	36
6	476	18
7	476	50
8	476	43
9	476	9

0	477	12
1	477	42
2	477	15
3	477	19
4	477	40
5	477	26
6	477	35
7	477	17
8	477	17
9	477	22

0	478	24
1	478	26
2	478	21
3	478	22
4	478	1
5	478	49
6	478	23
7	478	14
8	478	16
9	478	21

0	479	26
1	479	7
2	479	35
3	479	25
4	479	0
5	479	28
6	479	26
7	479	21
8	479	29
9	479	29

0	480	49
1	480	13
2	480	36
3	480	19
4	480	31
5	480	47
6	480	45
7	480	34
8	480	19
9	480	41

0	481	52
1	481	44
2	481	24
3	481	5
4	481	37
5	481	0
6	481	2
7	481	21
8	481	23
9	481	51

0	482	3
1	482	45
2	482	36
3	482	36
4	482	21
5	482	16
6	482	3
7	482	48
8	482	28
9	482	48

0	483	19
1	483	6
2	483	2
3	483	46
4	483	53
5	483	4
6	483	39
7	483	36
8	483	20
9	483	25

0	484	24
1	484	8
2	484	45
3	484	47
4	484	29
5	484	12
6	484	33
7	484	31
8	484	26
9	484	3

0	485	33
1	485	27
2	485	51
3	485	7
4	485	34
5	485	37
6	485	28
7	485	5
8	485	21
9	485	39

0	486	34
1	486	50
2	486	47
3	486	22
4	486	13
5	486	45
6	486	31
7	486	51
8	486	13
9	486	50

0	487	30
1	487	41
2	487	18
3	487	19
4	487	31
5	487	15
6	487	5
7	487	15
8	487	45
9	487	13

0	488	44
1	488	35
2	488	0
3	488	48
4	488	5
5	488	22
6	488	32
7	488	21
8	488	23
9	488	27

0	489	19
1	489	26
2	489	38
3	489	17
4	489	29
5	489	37
6	489	1
7	489	9
8	489	41
9	489	19

0	490	9
1	490	14
2	490	14
3	490	7
4	490	35
5	490	34
6	490	47
7	490	49
8	490	0
9	490	34

0	491	51
1	491	44
2	491	22
3	491	1
4	491	43
5	491	19
6	491	34
7	491	6
8	491	52
9	491	24

0	492	30
1	492	30
2	492	48
3	492	41
4	492	25
5	492	49
6	492	6
7	492	43
8	492	22
9	492	2

0	493	31
1	493	20
2	493	8
3	493	27
4	493	42
5	493	7
6	493	35
7	493	24
8	493	50
9	493	9

0	494	0
1	494	35
2	494	33
3	494	2
4	494	22
5	494	26
6	494	3
7	494	38
8	494	8
9	494	38

0	495	7
1	495	50
2	495	36
3	495	5
4	495	37
5	495	28
6	495	8
7	495	41
8	495	9
9	495	43

0	496	35
1	496	51
2	496	43
3	496	16
4	496	46
5	496	42
6	496	11
7	496	48
8	496	17
9	496	53

0	497	6
1	497	10
2	497	12
3	497	46
4	497	49
5	497	44
6	497	35
7	497	11
8	497	49
9	497	8

0	498	45
1	498	17
2	498	48
3	498	36
4	498	0
5	498	39
6	498	30
7	498	35
8	498	40
9	498	27

0	499	52
1	499	48
2	499	34
3	499	14
4	499	41
5	499	31
6	499	51
7	499	42
8	499	25
9	499	27

0	500	48
1	500	2
2	500	25
3	500	40
4	500	12
5	500	2
6	500	11
7	500	46
8	500	34
9	500	13

0	501	50
1	501	4
2	501	22
3	501	47
4	501	39
5	501	3
6	501	37
7	501	0
8	501	7
9	501	49

0	502	33
1	502	30
2	502	16
3	502	32
4	502	20
5	502	42
6	502	21
7	502	41
8	502	37
9	502	41

0	503	8
1	503	3
2	503	5
3	503	23
4	503	43
5	503	2
6	503	23
7	503	14
8	503	16
9	503	0

0	504	16
1	504	20
2	504	4
3	504	3
4	504	10
5	504	9
6	504	28
7	504	44
8	504	20
9	504	23

0	505	36
1	505	37
2	505	17
3	505	6
4	505	37
5	505	43
6	505	13
7	505	1
8	505	34
9	505	42

0	506	29
1	506	19
2	506	11
3	506	12
4	506	10
5	506	7
6	506	4
7	506	44
8	506	22
9	506	11

0	507	47
1	507	41
2	507	46
3	507	41
4	507	2
5	507	46
6	507	29
7	507	15
8	507	49
9	507	9

0	508	10
1	508	15
2	508	40
3	508	37
4	508	36
5	508	25
6	508	38
7	508	50
8	508	7
9	508	24

0	509	30
1	509	2
2	509	33
3	509	9
4	509	34
5	509	19
6	509	46
7	509	32
8	509	2
9	509	16

0	510	31
1	510	14
2	510	2
3	510	46
4	510	30
5	510	35
6	510	47
7	510	28
8	510	22
9	510	11

0	511	32
1	511	7
2	511	18
3	511	27
4	511	38
5	511	21
6	511	24
7	511	36
8	511	37
9	511	17

0	512	29
1	512	37
2	512	38
3	512	34
4	512	6
5	512	41
6	512	45
7	512	53
8	512	3
9	512	52

0	513	17
1	513	6
2	513	53
3	513	0
4	513	2
5	513	53
6	513	24
7	513	9
8	513	12
9	513	8

0	514	46
1	514	31
2	514	24
3	514	23
4	514	48
5	514	1
6	514	42
7	514	47
8	514	20
9	514	29

0	515	12
1	515	22
2	515	5
3	515	30
4	515	14
5	515	49
6	515	40
7	515	52
8	515	16
9	515	25

0	516	19
1	516	18
2	516	39
3	516	43
4	516	9
5	516	48
6	516	38
7	516	11
8	516	50
9	516	40

0	517	21
1	517	38
2	517	35
3	517	39
4	517	35
5	517	5
6	517	32
7	517	4
8	517	1
9	517	51

0	518	16
1	518	1
2	518	29
3	518	0
4	518	7
5	518	36
6	518	8
7	518	7
8	518	34
9	518	49

0	519	42
1	519	15
2	519	15
3	519	19
4	519	39
5	519	7
6	519	1
7	519	9
8	519	23
9	519	1

0	520	10
1	520	23
2	520	23
3	520	40
4	520	28
5	520	29
6	520	25
7	520	6
8	520	15
9	520	38

0	521	40
1	521	53
2	521	34
3	521	26
4	521	23
5	521	20
6	521	43
7	521	35
8	521	37
9	521	35

0	522	52
1	522	19
2	522	40
3	522	38
4	522	47
5	522	13
6	522	29
7	522	46
8	522	49
9	522	44

0	523	11
1	523	0
2	523	15
3	523	52
4	523	46
5	523	50
6	523	45
7	523	43
8	523	25
9	523	37

0	524	45
1	524	44
2	524	4
3	524	32
4	524	41
5	524	43
6	524	2
7	524	50
8	524	50
9	524	36

0	525	5
1	525	25
2	525	25
3	525	12
4	525	13
5	525	47
6	525	1
7	525	27
8	525	27
9	525	52

0	526	15
1	526	36
2	526	9
3	526	48
4	526	25
5	526	7
6	526	14
7	526	29
8	526	19
9	526	14

0	527	51
1	527	49
2	527	7
3	527	15
4	527	16
5	527	53
6	527	33
7	527	11
8	527	10
9	527	18

0	528	19
1	528	23
2	528	1
3	528	49
4	528	18
5	528	23
6	528	33
7	528	2
8	528	19
9	528	31

0	529	19
1	529	23
2	529	1
3	529	49
4	529	18
5	529	23
6	529	33
7	529	2
8	529	19
9	529	31

0	530	22
1	530	11
2	530	52
3	530	29
4	530	30
5	530	29
6	530	47
7	530	34
8	530	9
9	530	40

0	531	4
1	531	1
2	531	50
3	531	7
4	531	10
5	531	0
6	531	4
7	531	28
8	531	8
9	531	45

0	532	15
1	532	46
2	532	11
3	532	1
4	532	46
5	532	19
6	532	5
7	532	50
8	532	22
9	532	36

0	533	14
1	533	3
2	533	22
3	533	40
4	533	15
5	533	12
6	533	41
7	533	37
8	533	52
9	533	43

0	534	50
1	534	9
2	534	18
3	534	50
4	534	4
5	534	18
6	534	12
7	534	29
8	534	20
9	534	27

0	535	44
1	535	30
2	535	33
3	535	4
4	535	53
5	535	1
6	535	40
7	535	44
8	535	10
9	535	44

0	536	11
1	536	32
2	536	38
3	536	42
4	536	28
5	536	35
6	536	52
7	536	52
8	536	1
9	536	34

0	537	11
1	537	10
2	537	43
3	537	23
4	537	12
5	537	24
6	537	25
7	537	9
8	537	28
9	537	6

0	538	38
1	538	45
2	538	5
3	538	53
4	538	28
5	538	27
6	538	1
7	538	7
8	538	43
9	538	7

0	539	5
1	539	5
2	539	37
3	539	35
4	539	38
5	539	24
6	539	34
7	539	33
8	539	43
9	539	0

0	540	46
1	540	15
2	540	45
3	540	28
4	540	38
5	540	31
6	540	45
7	540	22
8	540	46
9	540	17

0	541	38
1	541	17
2	541	16
3	541	11
4	541	49
5	541	4
6	541	11
7	541	26
8	541	15
9	541	0

0	542	15
1	542	34
2	542	53
3	542	45
4	542	42
5	542	39
6	542	23
7	542	31
8	542	29
9	542	15

0	543	42
1	543	47
2	543	9
3	543	1
4	543	48
5	543	45
6	543	8
7	543	30
8	543	48
9	543	19

0	544	1
1	544	24
2	544	3
3	544	50
4	544	40
5	544	44
6	544	24
7	544	8
8	544	6
9	544	25

0	545	5
1	545	46
2	545	40
3	545	31
4	545	31
5	545	37
6	545	21
7	545	23
8	545	5
9	545	7

0	546	39
1	546	10
2	546	42
3	546	18
4	546	10
5	546	28
6	546	36
7	546	3
8	546	30
9	546	13

0	547	14
1	547	22
2	547	37
3	547	36
4	547	38
5	547	0
6	547	18
7	547	11
8	547	22
9	547	31

0	548	25
1	548	23
2	548	33
3	548	27
4	548	51
5	548	12
6	548	45
7	548	33
8	548	20
9	548	37

0	549	32
1	549	26
2	549	15
3	549	31
4	549	36
5	549	0
6	549	5
7	549	13
8	549	46
9	549	36

0	550	41
1	550	32
2	550	31
3	550	0
4	550	35
5	550	18
6	550	4
7	550	18
8	550	31
9	550	50

0	551	2
1	551	41
2	551	6
3	551	41
4	551	52
5	551	13
6	551	32
7	551	45
8	551	49
9	551	33

0	552	45
1	552	9
2	552	22
3	552	44
4	552	11
5	552	5
6	552	29
7	552	16
8	552	30
9	552	53

0	553	31
1	553	13
2	553	32
3	553	21
4	553	9
5	553	10
6	553	18
7	553	4
8	553	4
9	553	2

0	554	29
1	554	13
2	554	6
3	554	12
4	554	1
5	554	10
6	554	35
7	554	37
8	554	17
9	554	2

0	555	50
1	555	17
2	555	22
3	555	45
4	555	5
5	555	31
6	555	37
7	555	49
8	555	44
9	555	3

0	556	1
1	556	26
2	556	50
3	556	0
4	556	51
5	556	13
6	556	23
7	556	7
8	556	35
9	556	34

0	557	23
1	557	10
2	557	8
3	557	26
4	557	50
5	557	24
6	557	17
7	557	45
8	557	26
9	557	36

0	558	14
1	558	41
2	558	37
3	558	41
4	558	7
5	558	33
6	558	18
7	558	18
8	558	42
9	558	51

0	559	12
1	559	36
2	559	52
3	559	38
4	559	15
5	559	12
6	559	46
7	559	43
8	559	7
9	559	13

0	560	21
1	560	3
2	560	43
3	560	6
4	560	36
5	560	49
6	560	43
7	560	48
8	560	25
9	560	44

0	561	34
1	561	31
2	561	46
3	561	16
4	561	9
5	561	8
6	561	30
7	561	19
8	561	0
9	561	49

0	562	33
1	562	2
2	562	26
3	562	35
4	562	27
5	562	23
6	562	19
7	562	9
8	562	3
9	562	38

0	563	25
1	563	39
2	563	5
3	563	25
4	563	9
5	563	18
6	563	40
7	563	40
8	563	6
9	563	10

0	564	11
1	564	14
2	564	44
3	564	20
4	564	14
5	564	17
6	564	5
7	564	18
8	564	51
9	564	26

0	565	47
1	565	51
2	565	0
3	565	13
4	565	1
5	565	19
6	565	27
7	565	30
8	565	53
9	565	6

0	566	39
1	566	46
2	566	27
3	566	49
4	566	33
5	566	21
6	566	39
7	566	34
8	566	9
9	566	1

0	567	51
1	567	11
2	567	35
3	567	46
4	567	37
5	567	42
6	567	28
7	567	5
8	567	21
9	567	31

0	568	38
1	568	53
2	568	30
3	568	19
4	568	21
5	568	34
6	568	27
7	568	23
8	568	46
9	568	4

0	569	48
1	569	35
2	569	4
3	569	44
4	569	23
5	569	5
6	569	20
7	569	15
8	569	10
9	569	25

0	570	29
1	570	9
2	570	33
3	570	39
4	570	8
5	570	17
6	570	16
7	570	53
8	570	42
9	570	14

0	571	10
1	571	3
2	571	2
3	571	43
4	571	21
5	571	36
6	571	48
7	571	28
8	571	40
9	571	29

0	572	9
1	572	4
2	572	43
3	572	32
4	572	49
5	572	21
6	572	1
7	572	49
8	572	26
9	572	8

0	573	18
1	573	20
2	573	6
3	573	29
4	573	1
5	573	20
6	573	24
7	573	45
8	573	39
9	573	17

0	574	22
1	574	26
2	574	29
3	574	45
4	574	51
5	574	53
6	574	31
7	574	14
8	574	6
9	574	9

0	575	31
1	575	23
2	575	21
3	575	9
4	575	50
5	575	7
6	575	6
7	575	42
8	575	11
9	575	27

0	576	1
1	576	52
2	576	17
3	576	10
4	576	26
5	576	16
6	576	34
7	576	12
8	576	24
9	576	39

0	577	42
1	577	32
2	577	49
3	577	27
4	577	45
5	577	13
6	577	41
7	577	19
8	577	38
9	577	12

0	578	40
1	578	31
2	578	3
3	578	1
4	578	7
5	578	32
6	578	32
7	578	46
8	578	21
9	578	35

0	579	41
1	579	41
2	579	22
3	579	3
4	579	8
5	579	2
6	579	51
7	579	5
8	579	47
9	579	49

0	580	4
1	580	16
2	580	41
3	580	53
4	580	6
5	580	42
6	580	23
7	580	1
8	580	37
9	580	43

0	581	8
1	581	33
2	581	51
3	581	11
4	581	24
5	581	43
6	581	46
7	581	15
8	581	41
9	581	28

0	582	33
1	582	44
2	582	38
3	582	52
4	582	28
5	582	12
6	582	30
7	582	42
8	582	39
9	582	37

0	583	3
1	583	29
2	583	16
3	583	22
4	583	33
5	583	6
6	583	4
7	583	21
8	583	43
9	583	16

0	584	21
1	584	25
2	584	18
3	584	51
4	584	9
5	584	2
6	584	12
7	584	0
8	584	53
9	584	6

0	585	46
1	585	49
2	585	11
3	585	47
4	585	14
5	585	14
6	585	0
7	585	7
8	585	45
9	585	52

0	586	36
1	586	3
2	586	12
3	586	51
4	586	37
5	586	18
6	586	9
7	586	41
8	586	40
9	586	11

0	587	9
1	587	21
2	587	42
3	587	51
4	587	13
5	587	30
6	587	1
7	587	38
8	587	17
9	587	10

0	588	36
1	588	48
2	588	19
3	588	13
4	588	14
5	588	32
6	588	0
7	588	53
8	588	51
9	588	49

0	589	38
1	589	33
2	589	46
3	589	15
4	589	43
5	589	17
6	589	16
7	589	19
8	589	2
9	589	16

0	590	17
1	590	43
2	590	43
3	590	48
4	590	2
5	590	24
6	590	19
7	590	49
8	590	21
9	590	7

0	591	17
1	591	28
2	591	26
3	591	40
4	591	3
5	591	26
6	591	15
7	591	48
8	591	17
9	591	36

0	592	8
1	592	25
2	592	40
3	592	43
4	592	51
5	592	45
6	592	18
7	592	23
8	592	37
9	592	16

0	593	30
1	593	10
2	593	22
3	593	27
4	593	18
5	593	8
6	593	15
7	593	16
8	593	33
9	593	38

0	594	42
1	594	37
2	594	42
3	594	53
4	594	27
5	594	42
6	594	6
7	594	11
8	594	17
9	594	27

0	595	21
1	595	6
2	595	52
3	595	2
4	595	48
5	595	49
6	595	43
7	595	53
8	595	49
9	595	34

0	596	33
1	596	46
2	596	2
3	596	49
4	596	50
5	596	1
6	596	19
7	596	36
8	596	23
9	596	37

0	597	44
1	597	11
2	597	18
3	597	52
4	597	22
5	597	0
6	597	13
7	597	11
8	597	16
9	597	13

0	598	5
1	598	0
2	598	32
3	598	6
4	598	52
5	598	50
6	598	50
7	598	44
8	598	18
9	598	6

0	599	45
1	599	42
2	599	20
3	599	43
4	599	40
5	599	46
6	599	0
7	599	38
8	599	49
9	599	17

0	600	20
1	600	8
2	600	27
3	600	7
4	600	18
5	600	16
6	600	16
7	600	20
8	600	1
9	600	0

0	601	35
1	601	32
2	601	33
3	601	8
4	601	20
5	601	29
6	601	41
7	601	24
8	601	13
9	601	1

0	602	25
1	602	11
2	602	41
3	602	11
4	602	13
5	602	43
6	602	22
7	602	45
8	602	3
9	602	1

0	603	20
1	603	16
2	603	21
3	603	53
4	603	35
5	603	31
6	603	19
7	603	20
8	603	39
9	603	21

0	604	35
1	604	33
2	604	42
3	604	4
4	604	25
5	604	18
6	604	30
7	604	8
8	604	16
9	604	42

0	605	11
1	605	28
2	605	16
3	605	34
4	605	7
5	605	34
6	605	45
7	605	50
8	605	46
9	605	34

0	606	34
1	606	31
2	606	10
3	606	16
4	606	22
5	606	4
6	606	16
7	606	36
8	606	12
9	606	50

