0 31061
1 30900
2 30737
3 30301
4 30744
5 28631
6 28773
7 29733
8 30842
9 32298
10 32254
11 32443
12 31857
13 31384
14 31339
15 30880
16 30809
17 31093
18 31658
19 32302
20 32242
21 31559
22 31334
23 32160
24 30208
25 29409
26 30330
27 30278
28 30103
29 31201
30 31375
31 32098
32 32154
33 32203
34 31528
35 32191
36 33356
37 32211
38 31547
39 31503
40 31921
41 31851
42 31877
43 31413
44 31026
45 30694
46 30836
47 31346
48 30373
49 30617
50 30758
51 31164
52 29774
53 29073
54 29675
55 29685
56 29449
57 30169
58 30688
59 30934
60 30342
61 30219
62 30389
63 29672
64 29857
65 29918
66 29990
67 29704
68 29950
69 30626
70 30081
71 28759
72 30097
73 29662
74 29934
75 29830
76 30231
77 30964
78 30789
79 31105
80 31171
81 30642
82 31129
83 30431
84 29905
85 30084
86 30564
87 30431
88 31030
89 30530
90 31776
91 31001
92 30529
93 31053
94 30991
95 31052
96 31872
97 31904
98 32092
99 31219
100 30675
101 30851
102 30967
103 31540
104 31395
105 31447
106 31483
107 29938
108 29659
109 29451
110 30007
111 30046
112 30049
113 30050
114 30116
115 30227
116 29844
117 29643
118 29292
119 29773
120 30203
121 30413
122 30245
123 30500
124 30597
125 31199
126 30875
127 30264
128 29787
129 29457
130 29434
131 29425
132 29182
133 29321
134 28984
135 28162
136 27549
137 27981
138 27943
139 27875
140 28056
141 27880
142 27906
143 27564
144 28341
145 27827
146 27376
147 27206
148 27615
149 27989
150 28078
151 28056
152 29011
153 29800
154 29337
155 28834
156 29015
157 29583
158 29784
159 29518
160 29287
161 28857
162 28627
163 28521
164 28487
165 28700
166 29826
167 29708
168 30239
169 30708
170 31277
171 31419
172 30284
173 30981
174 31339
175 31275
176 31597
177 31844
178 31487
179 30897
180 30749
181 31023
182 30462
183 29668
184 30308
185 29252
186 29961
187 29930
188 29217
189 29317
190 30631
191 30124
192 30343
193 28291
194 27622
195 29124
196 28791
197 29634
198 29731
199 29784
200 30493
201 31203
202 30796
203 31185
204 30672
205 31156
206 30584
207 29704
208 29693
209 31167
210 31323
211 31164
212 30856
213 30604
214 30131
215 30384
216 29147
217 28738
218 29383
219 29735
220 30245
221 31166
222 31292
223 31278
224 30671
225 31117
226 31239
227 30190
228 30502
229 30557
230 31175
231 30197
232 30512
233 30681
234 29870
235 29958
236 29397
237 29242
238 29805
239 29326
240 30023
241 30734
242 30525
243 30648
244 30407
245 29668
246 30738
247 29777
248 29513
249 29559
250 30021
251 30842
252 31438
253 31296
254 30929
255 31495
256 31921
257 32484
258 32186
259 32974
260 32489
261 33795
262 34269
263 33917
264 33692
265 33917
266 32340
267 32010
268 31651
269 32657
270 32313
271 31924
272 31622
273 31881
274 32202
275 32541
276 31974
277 30986
278 30612
279 31573
280 30462
281 30847
282 30833
283 32173
284 32259
285 32119
286 32480
287 31327
288 30417
289 30679
290 30722
291 30697
292 30511
293 30208
294 29437
295 30343
296 31078
297 29660
298 29421
299 28456
300 29066
301 28919
302 28918
303 29535
304 29638
305 28947
306 28624
307 29291
308 28925
309 28792
310 28934
311 28054
312 27659
313 27820
314 27828
315 27851
316 28229
317 27947
318 28388
319 28216
320 28928
321 28349
322 28046
323 28466
324 28318
325 28478
326 28748
327 29117
328 28833
329 28918
330 28547
331 28150
332 28082
333 27962
334 27887
335 27790
336 27799
337 27901
338 27423
339 28319
340 28194
341 28587
342 28883
343 29294
344 28969
345 29574
346 29528
347 29981
348 29809
349 30377
350 29956
351 29830
352 30046
353 29697
354 29451
355 29270
356 28851
357 28004
358 27734
359 28317
360 28343
361 29030
362 29072
363 29877
364 29208
365 29605
366 29185
367 28482
368 28978
369 29193
370 28734
371 28733
372 29127
373 29255
374 29237
375 29415
376 29614
377 29325
378 30010
379 29816
380 29289
381 29346
382 28886
383 28937
384 28819
385 29518
386 29148
387 28895
388 28512
389 29024
390 28811
391 29516
392 30106
393 30051
394 29647
395 29620
396 30092
397 29522
398 28942
399 29720
400 28734
401 28545
402 28634
403 29194
404 29752
405 29423
406 29373
407 28419
408 30158
409 29773
410 29278
411 29600
412 29738
413 29444
414 29160
415 29195
416 30275
417 30471
418 30607
419 30315
420 31232
421 31744
422 31657
423 31625
424 30731
425 31271
426 30919
427 30666
428 29754
429 29611
430 28649
431 28424
432 28231
433 27683
434 28185
435 28240
436 28060
437 27823
438 27686
439 27447
440 27417
441 26930
442 27436
443 27452
444 27896
445 28473
446 28299
447 28338
448 28947
449 29032
450 28495
451 29945
452 30608
453 29188
454 28578
455 28700
456 29237
457 29689
458 29966
459 29931
460 29979
461 29596
462 29600
463 30347
464 29800
465 29943
466 29984
467 31020
468 30893
469 29126
470 29463
471 29357
472 29673
473 29592
474 29459
475 29861
476 30211
477 29712
478 30267
479 29917
480 30535
481 30575
482 30178
483 30205
484 30002
485 29178
486 29286
487 29448
488 29410
489 28172
490 28395
491 28475
492 28031
493 27780
494 28227
495 27613
496 27306
497 28358
498 28235
499 28376
500 28559
501 28143
502 26863
503 27157
504 28863
505 28998
506 29931
507 30239
508 29516
509 30178
510 30239
511 30934
512 31498
513 31367
514 31464
515 30399
516 30552
517 29521
518 29246
519 28555
520 28485
521 28726
522 27680
523 27584
524 27241
525 28260
526 28345
527 28705
528 28508
529 28878
530 29421
531 28932
532 29635
533 30034
534 28021
535 28317
536 29118
537 29187
538 29600
539 30402
540 30581
541 29509
542 28775
543 28630
544 29373
545 29732
546 29663
547 29500
548 29080
549 28869
550 28490
551 28687
552 28489
553 28888
554 29306
555 29195
556 29027
557 29618
558 29548
559 29005
560 29683
561 30049
562 29483
563 30256
564 30198
565 29452
566 29526
567 29288
568 29329
569 29566
570 28931
571 27978
572 27254
573 27447
574 28042
575 27470
576 27042
577 27663
578 28139
579 28604
580 29184
581 28158
582 29495
583 29486
584 29694
585 29289
586 29015
587 28418
588 28585
589 29135
590 28040
591 27447
592 27256
593 27111
594 27380
595 27151
596 28854
597 29245
598 28330
599 27995
600 28128
601 28128
602 28278
603 28072
604 28569
605 28214
606 28080
607 28557
608 28349
609 28728
610 29130
611 29253
612 29328
613 30111
614 30109
615 29997
616 29678
617 29236
618 29704
619 29909
620 30800
621 30204
622 29948
623 29957
624 30776
625 30095
626 30950
627 30592
628 30241
629 30585
630 30995
631 30772
632 31040
633 30199
634 30464
635 31139
636 30101
637 29206
638 29964
639 29792
640 28998
641 29282
642 28806
643 29259
644 28740
645 28871
646 29092
647 28971
648 29058
649 28390
650 27447
651 27484
652 27491
653 27937
654 28409
655 28944
656 29050
657 29100
658 29205
659 29484
660 28688
661 29227
662 28875
663 28535
664 28412
665 29260
666 29501
667 29480
668 30031
669 30260
670 29988
671 29833
672 29864
673 30035
674 29360
675 30268
676 30722
677 30503
678 30235
679 30988
680 31806
681 31731
682 31747
683 32001
684 30883
685 31411
686 31767
687 32083
688 31713
689 31746
690 31962
691 31082
692 31079
693 31242
694 30840
695 31210
696 31318
697 30642
698 30449
699 29808
700 29833
701 29700
702 29838
703 29604
704 30359
705 30889
706 30325
707 30370
708 30331
709 30207
710 30259
711 30467
712 30224
713 30090
714 29999
715 29843
716 30092
717 29655
718 29002
719 28677
720 28387
721 29175
722 28559
723 28953
724 28236
725 28010
726 28362
727 27753
728 27332
729 27348
730 27069
731 26968
732 27512
733 27009
734 27035
735 27039
736 27280
737 27379
738 27756
739 27456
740 27358
741 26518
742 25776
743 26512
744 25973
745 25823
746 25601
747 25979
748 26642
749 26093
750 26184
751 27766
752 28153
753 28406
754 28456
755 28670
756 28438
757 28125
758 27651
759 27178
760 28184
761 28136
762 28701
763 28783
764 28640
765 28549
766 28996
767 29521
768 29717
769 29542
770 30740
771 30743
772 30537
773 31583
774 31671
775 32032
776 31353
777 30161
778 30052
779 30067
780 29680
781 31185
782 31581
783 30906
784 31382
785 30965
786 30579
787 29554
788 29562
789 29622
790 28369
791 28468
792 28353
793 28114
794 28743
795 29189
796 29220
797 29397
798 29227
799 29690
800 30019
801 30312
802 30109
803 29829
804 29525
805 28670
806 28675
807 28101
808 28471
809 28850
810 28779
811 28633
812 28779
813 29135
814 28991
815 29713
816 30041
817 29960
818 30013
819 30055
820 29944
821 30680
822 29862
823 30117
824 29464
825 28958
826 29602
827 30198
828 30491
829 30229
830 29880
831 29064
832 28685
833 28151
834 28491
835 29032
836 28507
837 28151
838 27981
839 28696
840 29144
841 29279
842 28969
843 28713
844 28728
845 28898
846 29950
847 29006
848 29147
849 29140
850 29448
851 28962
852 29240
853 29219
854 28998
855 29339
856 29100
857 28717
858 28233
859 27902
860 28149
861 28540
862 28413
863 29053
864 28720
865 28195
866 28710
867 27903
868 28127
869 28814
870 28840
871 28602
872 28947
873 28701
874 28704
875 29016
876 29976
877 30408
878 30577
879 29570
880 29283
881 29104
882 28951
883 29088
884 29385
885 28887
886 29087
887 28998
888 28146
889 28994
890 28948
891 29323
892 29348
893 29554
894 29741
895 29486
896 29751
897 29602
898 29449
899 29387
900 29166
901 28933
902 30058
903 29256
904 29421
905 29814
906 29077
907 29598
908 28697
909 28747
910 29575
911 28293
912 28262
913 27821
914 28231
915 28246
916 28586
917 28575
918 29059
919 29408
920 28681
921 28307
922 28702
923 29050
924 29926
925 30371
926 30647
927 30574
928 30512
929 29801
930 28588
931 27612
932 28249
933 28022
934 27768
935 27077
936 27188
937 27011
938 27407
939 27047
940 28322
941 27054
942 28461
943 28706
944 28254
945 28662
946 28557
947 28521
948 27787
949 27974
950 27955
951 28211
952 27918
953 28515
954 27223
955 27491
956 27428
957 27923
958 27754
959 27549
960 26952
961 26794
962 26963
963 26709
964 25585
965 25332
966 25609
967 25994
968 26304
969 26548
970 27027
971 27866
972 28041
973 28366
974 27693
975 27599
976 28392
977 28400
978 28428
979 28005
980 27889
981 27767
982 27958
983 28362
984 28532
985 27768
986 27990
987 27586
988 26662
989 26284
990 25969
991 26503
992 27586
993 28559
994 28572
995 29045
996 28958
997 28955
998 28675
999 28777
1000 28728
1001 28709
1002 28436
1003 29197
1004 29836
1005 29873
1006 29261
1007 28693
1008 28151
1009 28328
1010 28072
1011 28021
1012 27892
1013 29682
1014 28872
1015 28681
1016 29122
1017 28940
1018 29043
1019 29180
1020 28759
1021 28981
1022 29581
1023 29059
1024 29944
1025 30003
1026 29540
1027 29133
1028 28928
1029 29422
1030 28789
1031 28513
1032 28863
1033 28713
1034 28801
1035 28891
1036 28639
1037 29252
1038 29073
1039 29194
1040 29614
1041 29205
1042 29370
1043 28978
1044 28822
1045 28864
1046 29080
1047 28248
1048 29030
1049 28740
1050 28860
1051 30376
1052 30522
1053 30363
1054 30526
1055 30482
1056 30551
1057 30492
1058 30384
1059 30285
1060 30613
1061 30086
1062 30335
1063 30096
1064 28889
1065 28892
1066 28455
1067 28830
1068 29031
1069 28837
1070 28618
1071 28409
1072 29115
1073 28707
1074 28257
1075 28774
1076 28672
1077 28603
1078 27899
1079 29197
1080 29568
1081 29950
1082 29475
1083 28932
1084 29232
1085 29075
1086 29748
1087 29185
1088 28925
1089 29059
1090 28659
1091 28420
1092 28403
1093 28295
1094 28738
1095 28655
1096 28063
1097 28234
1098 28036
1099 28395
1100 27808
1101 28243
1102 28382
1103 28266
1104 28462
1105 28425
1106 28307
1107 27876
1108 27775
1109 27927
1110 28886
1111 28581
1112 27462
1113 27607
1114 27014
1115 27173
1116 27468
1117 27886
1118 27895
1119 27771
1120 27488
1121 27314
1122 27041
1123 26668
1124 27014
1125 26793
1126 26641
1127 26507
1128 26370
1129 26403
1130 26624
1131 28035
1132 28184
1133 28326
1134 28438
1135 28355
1136 29462
1137 29437
1138 29528
1139 29519
1140 29346
1141 29357
1142 29439
1143 29658
1144 30369
1145 30773
1146 30346
1147 30886
1148 30265
1149 30813
1150 30706
1151 30220
1152 30598
1153 30026
1154 29637
1155 29762
1156 28956
1157 29061
1158 28731
1159 27865
1160 27522
1161 27917
1162 28587
1163 28393
1164 28226
1165 28171
1166 27527
1167 28237
1168 28448
1169 27946
1170 28615
1171 28480
1172 28704
1173 28390
1174 28054
1175 28074
1176 28851
1177 29960
1178 29512
1179 28979
1180 27777
1181 27909
1182 27899
1183 27114
1184 27603
1185 27530
1186 27973
1187 28641
1188 28832
1189 29180
1190 29038
1191 29414
1192 28679
1193 29208
1194 29437
1195 29659
1196 29693
1197 30109
1198 30645
1199 30366
1200 29928
1201 29421
1202 29263
1203 29081
1204 28979
1205 28773
1206 28875
1207 29410
1208 29283
1209 29279
1210 29794
1211 29439
1212 28716
1213 29476
1214 29565
1215 29794
1216 30303
1217 30027
1218 30682
1219 30489
1220 30416
1221 29513
1222 29630
1223 30475
1224 31241
1225 30113
1226 30799
1227 30243
1228 30232
1229 30236
1230 29863
1231 29811
1232 29889
1233 29895
1234 29399
1235 29184
1236 30079
1237 30697
1238 30978
1239 30551
1240 31760
1241 31455
1242 31158
1243 30138
1244 29327
1245 29158
1246 29446
1247 29683
1248 29522
1249 29172
1250 28963
1251 29908
1252 30267
1253 29821
1254 29978
1255 30081
1256 29717
1257 28934
1258 28913
1259 28350
1260 27966
1261 28334
1262 28776
1263 28472
1264 28789
1265 28878
1266 28439
1267 28268
1268 28884
1269 27426
1270 28104
1271 27959
1272 27996
1273 28565
1274 28398
1275 28858
1276 27635
1277 27341
1278 27591
1279 27498
1280 28028
1281 27877
1282 28612
1283 27597
1284 28108
1285 27524
1286 27200
1287 26499
1288 26704
1289 26747
1290 26963
1291 26810
1292 27293
1293 27154
1294 27156
1295 27910
1296 28203
1297 27839
1298 28286
1299 27965
1300 28515
1301 29180
1302 28320
1303 27904
1304 27526
1305 27504
1306 27738
1307 28203
1308 28516
1309 28445
1310 28214
1311 28918
1312 28378
1313 28530
1314 28383
1315 28190
1316 28004
1317 27930
1318 28609
1319 27667
1320 27755
1321 27698
1322 27427
1323 26303
1324 27197
1325 26916
1326 27032
1327 26911
1328 27634
1329 27891
1330 27064
1331 28387
1332 27355
1333 26941
1334 27337
1335 27298
1336 25829
1337 25845
1338 25425
1339 25003
1340 24380
1341 24422
1342 25326
1343 26140
1344 26543
1345 26759
1346 27014
1347 26898
1348 27066
1349 26586
1350 27222
1351 27199
1352 27037
1353 27081
1354 26661
1355 26808
1356 27246
1357 27727
1358 27508
1359 27045
1360 26960
1361 27271
1362 27437
1363 27528
1364 28625
1365 29061
1366 28671
1367 28076
1368 28011
1369 27686
1370 27792
1371 27900
1372 28036
1373 28066
1374 27766
1375 27902
1376 27972
1377 28756
1378 28623
1379 28658
1380 28565
1381 28186
1382 28218
1383 27836
1384 27547
1385 27842
1386 27493
1387 27051
1388 26863
1389 26606
1390 27239
1391 26711
1392 26921
1393 26659
1394 27387
1395 27377
1396 26912
1397 27208
1398 26827
1399 26346
1400 26936
1401 26596
1402 26526
1403 26412
1404 26436
1405 26483
1406 26884
1407 27149
1408 27430
1409 27167
1410 27501
1411 26934
1412 27461
1413 27624
1414 27494
1415 27548
1416 28184
1417 28110
1418 28534
1419 28945
1420 28752
1421 29141
1422 29105
1423 28823
1424 29531
1425 29158
1426 28606
1427 29109
1428 29032
1429 28529
1430 28642
1431 28455
1432 28678
1433 28809
1434 29716
1435 29570
1436 29833
1437 28749
1438 29063
1439 29096
1440 29485
1441 30094
1442 30460
1443 30019
1444 29522
1445 29194
1446 28751
1447 28239
1448 28243
1449 28193
1450 28104
1451 28107
1452 27963
1453 27669
1454 27577
1455 28512
1456 29024
1457 29613
1458 29932
1459 28646
1460 29209
1461 29259
1462 29169
1463 29357
1464 29393
1465 28740
1466 28938
1467 29710
1468 29059
1469 29148
1470 29155
1471 29498
1472 29168
1473 29461
1474 29055
1475 28000
1476 28829
1477 28832
1478 28762
1479 29503
1480 29272
1481 29695
1482 29788
1483 29831
1484 29999
1485 29358
1486 29339
1487 29187
1488 28986
1489 28754
1490 28609
1491 29284
1492 29418
1493 28968
1494 28829
1495 28970
1496 28567
1497 29053
1498 28601
1499 28023
1500 28357
1501 28651
1502 28577
1503 28684
1504 29082
1505 29515
1506 30085
1507 30026
1508 29622
1509 28822
1510 28173
1511 28659
1512 29312
1513 28776
1514 28794
1515 29052
1516 29226
1517 29807
1518 28472
1519 28536
1520 28168
1521 27599
1522 27511
1523 28198
1524 28274
1525 28174
1526 27635
1527 27834
1528 26861
1529 27117
1530 26981
1531 27715
1532 27538
1533 27634
1534 27407
1535 27305
1536 27433
1537 27493
1538 27435
1539 26823
1540 26650
1541 26845
1542 27885
1543 27640
1544 28260
1545 27627
1546 26912
1547 26994
1548 27298
1549 26838
1550 26962
1551 27828
1552 28148
1553 27211
1554 27537
1555 27886
1556 27655
1557 27166
1558 27113
1559 27462
1560 27043
1561 27311
1562 27140
1563 26165
1564 26372
1565 25975
1566 26143
1567 26316
1568 26109
1569 25486
1570 26106
1571 26297
1572 26216
1573 26520
1574 26635
1575 26632
1576 26281
1577 26271
1578 26136
1579 26517
1580 26983
1581 26700
1582 25979
1583 25737
1584 26552
1585 27373
1586 27360
1587 27347
1588 27342
1589 26590
1590 26638
1591 27754
1592 27263
1593 27800
1594 27815
1595 27728
1596 27446
1597 27567
1598 28192
1599 28437
1600 28614
1601 28983
1602 28328
1603 28550
1604 28938
1605 28529
1606 29313
1607 29137
1608 28112
1609 28229
1610 28260
1611 28388
1612 28131
1613 28068
1614 28383
1615 28116
1616 28611
1617 27876
1618 27695
1619 27611
1620 27955
1621 28523
1622 27963
1623 28670
1624 27981
1625 27670
1626 27127
1627 27859
1628 27812
1629 27693
1630 27443
1631 28537
1632 28929
1633 28822
1634 27487
1635 27701
1636 27281
1637 27130
1638 26573
1639 27161
1640 27187
1641 27682
1642 28043
1643 27680
1644 26941
1645 27216
1646 27043
1647 27141
1648 26264
1649 25900
1650 26065
1651 26212
1652 26482
1653 26908
1654 26370
1655 26413
1656 26022
1657 25441
1658 25623
1659 25301
1660 25074
1661 25167
1662 25316
1663 25269
1664 25026
1665 25080
1666 25775
1667 25133
1668 25387
1669 25239
1670 25499
1671 25511
1672 25161
1673 25372
1674 25193
1675 25887
1676 25897
1677 26336
1678 26571
1679 26035
1680 26122
1681 25824
1682 26107
1683 26715
1684 26833
1685 26454
1686 26640
1687 26378
1688 26297
1689 25877
1690 26165
1691 26121
1692 26092
1693 26688
1694 26362
1695 25923
1696 26022
1697 26730
1698 26157
1699 26087
1700 25735
1701 25813
1702 25284
1703 25723
1704 25851
1705 25817
1706 25716
1707 26129
1708 25880
1709 26213
1710 25888
1711 25880
1712 26109
1713 26007
1714 25830
1715 25551
1716 25391
1717 25667
1718 25325
1719 25593
1720 25570
1721 25913
1722 25598
1723 25575
1724 25618
1725 25688
1726 25330
1727 25175
1728 25350
1729 24531
1730 24164
1731 24637
1732 24516
1733 24445
1734 24342
1735 24067
1736 24376
1737 23950
1738 24007
1739 24361
1740 24563
1741 24618
1742 24656
1743 25381
1744 25665
1745 26315
1746 26017
1747 26482
1748 25918
1749 25585
1750 25397
1751 25216
1752 25482
1753 25144
1754 25997
1755 25981
1756 26046
1757 25836
1758 25455
1759 25879
1760 25910
1761 26236
1762 26461
1763 26665
1764 26541
1765 26407
1766 25893
1767 25848
1768 25751
1769 26118
1770 25664
1771 25655
1772 25930
1773 25818
1774 26111
1775 26432
1776 26634
1777 26289
1778 26523
1779 26597
1780 26583
1781 26787
1782 27048
1783 27404
1784 27288
1785 27258
1786 26925
1787 26595
1788 26179
1789 26203
1790 26493
1791 26694
1792 26303
1793 26605
1794 26409
1795 26195
1796 26042
1797 26207
1798 26367
1799 26510
1800 26313
1801 26104
1802 26153
1803 25671
1804 25672
1805 25780
1806 25383
1807 25242
1808 24820
1809 25289
1810 25064
1811 25058
1812 25599
1813 25368
1814 25705
1815 25666
1816 25852
1817 25216
1818 25814
1819 25421
1820 26052
1821 26128
1822 26153
1823 26860
1824 26361
1825 26434
1826 26459
1827 26518
1828 26094
1829 26024
1830 26284
1831 26221
1832 26050
1833 26832
1834 26406
1835 26502
1836 26300
1837 26199
1838 26582
1839 26408
1840 27072
1841 27680
1842 27367
1843 26538
1844 26408
1845 26257
1846 26767
1847 26931
1848 27202
1849 27099
1850 26877
1851 26300
1852 26916
1853 26403
1854 26564
1855 26570
1856 25729
1857 26100
1858 26513
1859 26024
1860 26018
1861 25719
1862 25660
1863 25625
1864 25296
1865 25135
1866 24934
1867 24806
1868 25283
1869 25427
1870 25752
1871 25621
1872 26401
1873 25972
1874 26092
1875 24993
1876 25001
1877 25089
1878 25575
1879 25885
1880 26226
1881 26193
1882 26228
1883 25868
1884 25382
1885 25575
1886 25645
1887 25266
1888 25411
1889 25498
1890 25054
1891 24858
1892 24487
1893 24690
1894 24764
1895 24995
1896 25518
1897 25054
1898 24894
1899 24739
1900 24598
1901 25560
1902 25719
1903 25696
1904 25489
1905 25070
1906 24674
1907 24877
1908 24840
1909 25289
1910 25263
1911 24955
1912 24641
1913 24244
1914 24392
1915 24477
1916 24397
1917 24793
1918 24605
1919 24597
1920 24308
1921 24090
1922 24402
1923 24127
1924 23497
1925 23619
1926 23485
1927 23412
1928 23636
1929 23527
1930 23285
1931 23362
1932 23067
1933 23570
1934 23743
1935 23612
1936 23535
1937 23534
1938 23682
1939 24393
1940 23562
1941 23978
1942 23713
1943 24229
1944 24130
1945 24522
1946 23793
1947 23501
1948 23138
1949 23247
1950 22674
1951 23284
1952 23667
1953 23319
1954 23638
1955 23767
1956 23264
1957 22929
1958 22706
1959 23342
1960 22880
1961 23366
1962 23321
1963 23155
1964 23707
1965 23571
1966 23598
1967 23289
1968 23887
1969 23840
1970 23925
1971 23585
1972 23763
1973 24289
1974 23970
1975 24312
1976 24444
1977 24202
1978 24178
1979 24428
1980 24440
1981 24864
1982 25123
1983 25257
1984 24888
1985 24819
1986 24493
1987 24827
1988 24961
1989 25099
1990 24977
1991 24800
1992 24620
1993 24578
1994 24659
1995 24325
1996 24186
1997 24410
1998 24301
1999 24342
2000 24317
2001 23982
2002 24329
2003 24247
2004 24226
2005 23322
2006 23327
2007 23562
2008 23499
2009 23203
2010 22935
2011 22767
2012 22752
2013 22846
2014 23057
2015 23523
2016 23511
2017 24473
2018 24705
2019 24541
2020 24231
2021 23846
2022 23629
2023 23547
2024 23866
2025 23940
2026 23915
2027 24398
2028 24474
2029 24852
2030 24886
2031 25040
2032 24712
2033 25083
2034 24617
2035 24483
2036 24230
2037 23508
2038 23217
2039 22954
2040 22894
2041 23287
2042 23346
2043 23542
2044 23494
2045 23603
2046 23484
2047 23204
2048 22544
2049 22436
2050 22389
2051 22024
2052 22569
2053 22859
2054 22849
2055 23409
2056 24102
2057 24173
2058 24018
2059 23901
2060 23882
2061 23760
2062 23667
2063 23944
2064 23962
2065 24361
2066 24093
2067 23868
2068 23625
2069 23843
2070 23970
2071 24236
2072 24280
2073 24342
2074 24426
2075 24193
2076 23999
2077 23234
2078 23379
2079 23510
2080 23311
2081 23015
2082 23042
2083 22522
2084 22632
2085 22592
2086 22687
2087 22411
2088 22225
2089 22325
2090 22501
2091 22961
2092 23077
2093 22333
2094 22681
2095 22520
2096 22664
2097 22754
2098 23191
2099 23534
2100 24364
2101 23832
2102 23925
2103 24253
2104 24030
2105 23910
2106 23837
2107 23884
2108 23967
2109 23907
2110 23661
2111 23609
2112 23922
2113 23930
2114 23381
2115 23453
2116 23262
2117 23515
2118 23515
2119 23200
2120 23524
2121 23478
2122 23444
2123 23465
2124 23655
2125 23652
2126 23139
2127 23091
2128 23284
2129 23140
2130 22981
2131 23229
2132 22726
2133 23157
2134 22982
2135 22776
2136 22850
2137 23305
2138 23581
2139 23944
2140 24590
2141 24456
2142 24883
2143 24654
2144 24327
2145 24487
2146 24341
2147 24681
2148 24511
2149 24684
2150 24389
2151 23815
2152 24055
2153 23953
2154 23953
2155 24019
2156 24264
2157 24089
2158 24367
2159 23727
2160 23414
2161 23307
2162 23279
2163 23353
2164 23383
2165 23622
2166 23079
2167 23069
2168 22503
2169 22342
2170 22170
2171 21835
2172 22003
2173 22661
2174 22665
2175 22614
2176 22650
2177 22936
2178 22457
2179 22388
2180 22352
2181 22203
2182 22450
2183 22460
2184 23025
2185 22431
2186 22097
2187 22756
2188 22617
2189 22708
2190 22261
2191 21665
2192 21447
2193 21422
2194 21726
2195 21732
2196 21868
2197 21695
2198 22039
2199 22228
2200 22469
2201 22516
2202 23080
2203 22683
2204 22701
2205 22402
2206 22841
2207 23040
2208 22599
2209 22370
2210 22511
2211 22405
2212 22396
2213 22709
2214 22887
2215 22842
2216 22696
2217 22813
2218 22045
2219 21971
2220 21572
2221 21612
2222 21395
2223 21539
2224 21319
2225 21564
2226 22061
2227 22249
2228 22193
2229 22092
2230 22780
2231 23258
2232 23312
2233 23726
2234 23809
2235 23771
2236 23977
2237 23959
2238 24105
2239 23754
2240 23448
2241 23155
2242 22721
2243 22952
2244 23161
2245 23277
2246 23190
2247 22746
2248 23114
2249 22768
2250 22334
2251 22217
2252 21748
2253 21819
2254 21642
2255 21831
2256 21758
2257 22421
2258 21630
2259 21882
2260 21795
2261 21681
2262 21689
2263 21802
2264 21952
2265 21621
2266 21741
2267 21410
2268 21233
2269 21428
2270 21444
2271 21525
2272 21401
2273 21392
2274 21553
2275 21461
2276 21556
2277 21734
2278 21892
2279 22240
2280 22260
2281 22574
2282 22544
2283 22562
2284 22312
2285 22254
2286 22283
2287 22199
2288 22703
2289 23071
2290 23233
2291 23466
2292 23594
2293 23774
2294 23449
2295 23316
2296 23317
2297 23354
2298 23274
2299 23167
2300 23085
2301 23294
2302 23428
2303 22729
2304 22375
2305 22541
2306 21941
2307 21686
2308 22385
2309 22324
2310 22022
2311 21891
2312 22325
2313 21888
2314 22098
2315 22335
2316 22150
2317 22059
2318 22037
2319 21950
2320 21971
2321 22245
2322 22238
2323 22270
2324 22275
2325 21699
2326 21467
2327 21534
2328 21489
2329 21266
2330 20854
2331 20572
2332 20604
2333 20607
2334 20945
2335 20828
2336 20371
2337 20091
2338 20356
2339 20274
2340 20175
2341 20627
2342 20852
2343 20653
2344 20738
2345 21165
2346 21808
2347 21570
2348 21627
2349 21926
2350 21781
2351 21892
2352 21726
2353 21457
2354 21243
2355 21204
2356 21422
2357 21502
2358 21136
2359 21320
2360 21709
2361 21938
2362 21738
2363 21487
2364 21663
2365 21913
2366 22261
2367 22025
2368 22419
2369 22464
2370 22407
2371 21888
2372 21498
2373 21199
2374 21101
2375 21326
2376 21642
2377 21612
2378 21740
2379 21784
2380 22152
2381 22348
2382 22550
2383 22649
2384 22316
2385 22134
2386 22462
2387 22617
2388 22619
2389 22553
2390 22819
2391 22825
2392 22678
2393 22908
2394 22765
2395 22626
2396 22217
2397 22088
2398 22075
2399 21893
2400 21583
2401 21512
2402 21539
2403 21318
2404 21433
2405 21358
2406 21232
2407 20905
2408 21182
2409 21587
2410 21700
2411 21779
2412 21837
2413 22526
2414 22339
2415 22236
2416 22130
2417 21883
2418 21997
2419 21760
2420 21986
2421 22044
2422 21910
2423 22363
2424 22576
2425 23150
2426 23010
2427 22581
2428 22949
2429 22296
2430 22221
2431 22330
2432 22048
2433 21829
2434 21906
2435 21664
2436 21506
2437 21084
2438 21124
2439 21418
2440 21081
2441 20916
2442 20786
2443 20530
2444 20642
2445 20730
2446 20868
2447 20851
2448 20771
2449 20912
2450 20859
2451 20420
2452 20543
2453 20494
2454 20249
2455 20411
2456 20627
2457 20854
2458 20883
2459 20661
2460 21326
2461 21138
2462 21179
2463 20988
2464 21127
2465 21110
2466 20879
2467 20992
2468 20785
2469 20977
2470 20758
2471 20745
2472 20681
2473 20642
2474 20723
2475 21298
2476 21351
2477 21048
2478 20763
2479 20850
2480 20550
2481 20640
2482 20687
2483 20734
2484 20691
2485 21000
2486 20894
2487 20851
2488 21124
2489 21076
2490 20821
2491 20774
2492 20630
2493 20522
2494 20197
2495 19912
2496 19979
2497 19700
2498 19437
2499 19251
2500 18795
2501 18433
2502 18933
2503 19032
2504 19328
2505 19768
2506 20041
2507 19768
2508 20011
2509 20190
2510 20428
2511 20246
2512 20184
2513 20145
2514 20316
2515 20468
2516 20686
2517 20306
2518 20297
2519 20421
2520 20166
2521 20371
2522 20276
2523 20099
2524 20247
2525 20258
2526 20280
2527 20539
2528 20239
2529 19780
2530 19819
2531 19795
2532 19710
2533 19744
2534 19898
2535 20009
2536 19891
2537 20061
2538 19864
2539 19810
2540 19668
2541 19996
2542 20131
2543 20058
2544 19752
2545 19621
2546 20036
2547 20237
2548 20467
2549 20365
2550 20636
2551 20702
2552 20602
2553 20686
2554 20688
2555 20282
2556 20412
2557 19979
2558 19834
2559 19597
2560 19659
2561 19591
2562 19410
2563 19058
2564 18987
2565 19166
2566 19424
2567 19307
2568 19251
2569 19163
2570 18810
2571 19082
2572 19412
2573 19515
2574 19644
2575 19392
2576 19284
2577 19011
2578 19147
2579 18875
2580 19067
2581 18753
2582 19021
2583 18942
2584 19098
2585 19396
2586 19464
2587 19517
2588 19694
2589 19544
2590 19401
2591 19613
2592 19352
2593 19332
2594 19334
2595 19084
2596 19399
2597 19245
2598 19371
2599 19303
2600 19551
2601 19288
2602 19062
2603 19186
2604 18999
2605 19170
2606 19701
2607 19656
2608 19668
2609 19512
2610 19864
2611 19830
2612 19754
2613 20018
2614 19608
2615 19827
2616 20000
2617 20436
2618 20503
2619 20281
2620 20422
2621 20177
2622 20097
2623 20034
2624 20238
2625 19913
2626 19963
2627 19887
2628 19835
2629 19924
2630 20270
2631 20283
2632 20035
2633 20282
2634 20232
2635 20072
2636 20323
2637 19964
2638 19961
2639 19958
2640 20031
2641 20189
2642 20187
2643 19794
2644 20076
2645 20061
2646 19857
2647 20125
2648 19823
2649 19707
2650 19818
2651 19669
2652 19556
2653 19649
2654 19753
2655 19433
2656 19599
2657 19568
2658 19781
2659 19908
2660 19771
2661 19446
2662 19664
2663 19682
2664 19445
2665 19428
2666 19300
2667 19216
2668 18993
2669 19092
2670 19042
2671 18871
2672 18814
2673 18838
2674 18873
2675 18949
2676 18959
2677 19020
2678 19093
2679 18934
2680 18589
2681 18573
2682 18461
2683 18512
2684 18486
2685 18652
2686 18637
2687 18674
2688 18867
2689 18855
2690 18957
2691 18769
2692 18580
2693 18381
2694 18165
2695 17908
2696 18152
2697 18047
2698 17835
2699 17939
2700 18321
2701 18077
2702 17877
2703 17832
2704 17824
2705 17607
2706 17399
2707 17605
2708 17641
2709 17543
2710 17331
2711 17340
2712 17495
2713 17426
2714 17432
2715 17270
2716 17351
2717 17478
2718 17556
2719 17584
2720 17776
2721 17808
2722 17826
2723 17760
2724 17839
2725 17938
2726 17931
2727 18070
2728 18050
2729 17995
2730 17969
2731 18067
2732 17957
2733 17771
2734 17869
2735 17826
2736 17779
2737 18325
2738 18299
2739 18256
2740 18415
2741 18099
2742 18040
2743 17838
2744 17856
2745 17954
2746 17977
2747 18096
2748 17981
2749 17895
2750 18057
2751 17741
2752 17785
2753 17916
2754 17891
2755 17817
2756 17506
2757 17702
2758 17223
2759 17222
2760 17021
2761 16950
2762 17004
2763 16858
2764 16822
2765 17063
2766 17094
2767 17196
2768 17142
2769 17129
2770 17083
2771 17049
2772 17136
2773 17232
2774 17273
2775 17442
2776 17502
2777 17619
2778 17907
2779 17906
2780 17878
2781 17614
2782 17743
2783 17773
2784 17993
2785 17934
2786 17907
2787 17857
2788 17533
2789 17566
2790 17365
2791 17154
2792 17407
2793 17351
2794 17275
2795 17439
2796 17595
2797 17711
2798 17397
2799 17315
2800 17171
2801 17106
2802 17386
2803 17700
2804 17668
2805 17619
2806 17422
2807 17273
2808 17120
2809 17077
2810 17122
2811 17060
2812 16884
2813 17115
2814 17249
2815 17202
2816 17317
2817 17396
2818 17318
2819 17100
2820 17013
2821 16956
2822 17116
2823 17048
2824 16830
2825 16856
2826 16909
2827 16964
2828 16788
2829 16870
2830 16921
2831 16806
2832 16814
2833 16886
2834 16870
2835 16851
2836 16694
2837 16653
2838 16401
2839 16355
2840 16058
2841 16134
2842 16130
2843 16358
2844 16402
2845 16440
2846 16600
2847 16610
2848 16456
2849 16385
2850 16407
2851 16158
2852 16193
2853 16107
2854 16327
2855 16356
2856 16450
2857 16291
2858 16304
2859 16408
2860 16269
2861 16211
2862 16068
2863 15839
2864 15554
2865 15481
2866 15192
2867 14986
2868 14980
2869 14907
2870 15087
2871 14952
2872 14948
2873 14953
2874 14946
2875 14917
2876 14945
2877 14796
2878 14911
2879 14906
2880 15133
2881 14913
2882 14863
2883 14865
2884 14634
2885 14631
2886 14694
2887 14805
2888 14810
2889 14978
2890 15043
2891 15139
2892 14791
2893 14739
2894 14614
2895 14340
2896 14391
2897 14644
2898 14587
2899 14403
2900 14657
2901 14877
2902 14701
2903 14507
2904 14418
2905 14531
2906 14202
2907 14150
2908 14152
2909 14009
2910 13953
2911 13928
2912 14113
2913 14159
2914 14083
2915 14194
2916 14344
2917 14372
2918 14271
2919 14273
2920 14146
2921 14292
2922 14378
2923 14532
2924 14528
2925 14670
2926 14707
2927 14594
2928 14749
2929 14598
2930 14551
2931 14460
2932 14445
2933 14458
2934 14397
2935 14291
2936 14321
2937 14387
2938 14221
2939 14233
2940 14260
2941 14220
2942 14127
2943 14124
2944 14075
2945 13959
2946 13819
2947 13735
2948 13751
2949 13813
2950 13842
2951 13753
2952 13831
2953 13716
2954 13596
2955 13346
2956 13373
2957 13344
2958 13246
2959 13195
2960 13314
2961 13156
2962 13191
2963 13121
2964 13319
2965 13524
2966 13462
2967 13432
2968 13340
2969 13147
2970 13086
2971 13032
2972 12852
2973 12815
2974 12905
2975 12935
2976 12929
2977 12762
2978 12773
2979 12820
2980 12822
2981 12885
2982 12818
2983 12673
2984 12774
2985 12573
2986 12591
2987 12421
2988 12162
2989 12197
2990 12185
2991 12244
2992 12208
2993 12167
2994 12251
2995 12311
2996 12239
2997 12125
2998 12171
2999 12093
3000 11909
3001 11919
3002 11946
3003 11970
3004 11982
3005 11878
3006 11857
3007 11779
3008 11800
3009 11696
3010 11675
3011 11584
3012 11510
3013 11524
3014 11463
3015 11440
3016 11332
3017 11380
3018 11418
3019 11228
3020 11166
3021 11044
3022 11047
3023 10985
3024 11091
3025 11046
3026 11013
3027 11078
3028 11010
3029 11016
3030 11044
3031 11047
3032 10993
3033 10978
3034 10958
3035 10992
3036 10999
3037 10987
3038 10908
3039 10827
3040 10780
3041 10679
3042 10683
3043 10724
3044 10629
3045 10624
3046 10624
3047 10551
3048 10485
3049 10438
3050 10325
3051 10394
3052 10323
3053 10351
3054 10257
3055 10180
3056 10202
3057 10201
3058 10168
3059 10242
3060 10286
3061 10318
3062 10178
3063 10180
3064 10139
3065 10130
3066 10037
3067 10069
3068 10098
3069 10042
3070 10077
3071 10060
3072 10043
3073 9962
3074 9945
3075 9883
3076 9889
3077 9921
3078 9869
3079 9779
3080 9811
3081 9829
3082 9851
3083 9814
3084 9711
3085 9679
3086 9667
3087 9671
3088 9621
3089 9601
3090 9546
3091 9424
3092 9399
3093 9404
3094 9313
3095 9299
3096 9229
3097 9275
3098 9285
3099 9285
3100 9263
3101 9281
3102 9270
3103 9227
3104 9212
3105 9255
3106 9248
3107 9253
3108 9202
3109 9114
3110 9029
3111 9023
3112 9031
3113 8987
3114 8946
3115 8956
3116 8925
3117 8926
3118 8952
3119 8937
3120 8890
3121 8851
3122 8811
3123 8808
3124 8803
3125 8860
3126 8825
3127 8804
3128 8683
3129 8677
3130 8648
3131 8558
3132 8540
3133 8511
3134 8475
3135 8390
3136 8354
3137 8295
3138 8278
3139 8310
3140 8304
3141 8255
3142 8284
3143 8260
3144 8200
3145 8202
3146 8205
3147 8142
3148 8114
3149 8087
3150 8093
3151 8046
3152 7993
3153 7922
3154 7917
3155 7885
3156 7854
3157 7872
3158 7873
3159 7865
3160 7805
3161 7777
3162 7746
3163 7725
3164 7695
3165 7673
3166 7675
3167 7648
3168 7617
3169 7593
3170 7560
3171 7563
3172 7548
3173 7512
3174 7488
3175 7440
3176 7434
3177 7428
3178 7407
3179 7362
3180 7352
3181 7298
3182 7300
3183 7288
3184 7248
3185 7219
3186 7181
3187 7163
3188 7163
3189 7161
3190 7135
3191 7093
3192 7086
3193 7023
3194 7010
3195 6994
3196 6979
3197 6958
3198 6908
3199 6906
3200 6883
3201 6862
3202 6854
3203 6861
3204 6848
3205 6825
3206 6815
3207 6812
3208 6803
3209 6758
3210 6709
3211 6700
3212 6669
3213 6653
3214 6648
3215 6582
3216 6584
3217 6584
3218 6580
3219 6560
3220 6525
3221 6518
3222 6495
3223 6480
3224 6477
3225 6465
3226 6463
3227 6450
3228 6433
3229 6418
3230 6406
3231 6393
3232 6385
3233 6374
3234 6372
3235 6371
3236 6369
3237 6360
3238 6359
3239 6354
3240 6342
3241 6336
3242 6318
3243 6314
3244 6306
3245 6261
3246 6243
3247 6236
3248 6232
3249 6221
3250 6219
3251 6209
3252 6205
3253 6205
3254 6196
3255 6191
3256 6179
3257 6177
3258 6166
3259 6142
3260 6141
3261 6141
3262 6138
3263 6138
3264 6135
3265 6125
3266 6125
3267 6124
3268 6115
3269 6115
3270 6115
3271 6115
3272 6113
3273 6112
3274 6110
3275 6110
3276 6104
3277 6104
3278 6103
3279 6098
3280 6097
3281 6091
3282 6086
3283 6086
3284 6080
3285 6078
3286 6073
3287 6067
3288 6056
3289 6036
3290 6035
3291 6033
3292 6022
3293 6011
3294 6010
3295 6009
3296 6009
3297 6006
3298 6000
3299 5998
3300 5998
3301 5997
3302 5995
3303 5991
3304 5991
3305 5989
3306 5985
3307 5982
3308 5979
3309 5979
3310 5977
3311 5975
3312 5974
3313 5971
3314 5971
3315 5969
3316 5968
3317 5967
3318 5965
3319 5965
3320 5963
3321 5963
3322 5960
3323 5953
3324 5953
3325 5952
3326 5952
3327 5952
3328 5952
3329 5952
3330 5947
3331 5947
3332 5946
3333 5945
3334 5943
3335 5942
3336 5942
3337 5942
3338 5940
3339 5938
3340 5938
3341 5937
3342 5937
3343 5936
3344 5931
3345 5931
3346 5931
3347 5929
3348 5928
3349 5928
3350 5928
3351 5926
3352 5926
3353 5926
3354 5926
3355 5926
3356 5923
3357 5921
3358 5921
3359 5921
3360 5920
3361 5920
3362 5909
3363 5909
3364 5909
3365 5908
3366 5902
3367 5892
3368 5892
3369 5889
3370 5888
3371 5887
3372 5887
3373 5887
3374 5877
3375 5875
3376 5874
3377 5874
3378 5874
3379 5873
3380 5873
3381 5870
3382 5870
3383 5870
3384 5869
3385 5869
3386 5869
3387 5869
3388 5869
3389 5869
3390 5869
3391 5868
3392 5859
3393 5859
3394 5859
3395 5857
3396 5856
3397 5856
