0	0	3077
0	0	934
1	0	3182
1	0	816
2	0	3107
2	0	739
3	0	3025
3	0	868
4	0	3172
4	0	833

0	1	3154
0	1	920
1	1	3077
1	1	798
2	1	3153
2	1	725
3	1	3124
3	1	772
4	1	3241
4	1	882

0	2	3265
0	2	806
1	2	3178
1	2	895
2	2	3212
2	2	869
3	2	3165
3	2	834
4	2	3104
4	2	798

0	3	3289
0	3	855
1	3	3186
1	3	811
2	3	3117
2	3	838
3	3	3078
3	3	738
4	3	3203
4	3	930

0	4	3171
0	4	895
1	4	3170
1	4	870
2	4	3161
2	4	835
3	4	3168
3	4	821
4	4	3147
4	4	809

0	5	3159
0	5	1283
1	5	3176
1	5	1203
2	5	3138
2	5	1229
3	5	3084
3	5	1269
4	5	3180
4	5	1235

0	6	3162
0	6	1444
1	6	3125
1	6	1236
2	6	3063
2	6	1149
3	6	3115
3	6	1164
4	6	3276
4	6	1295

0	7	3201
0	7	4663
1	7	3234
1	7	4942
2	7	3241
2	7	5007
3	7	3160
3	7	4637
4	7	3238
4	7	5214

0	8	3186
0	8	1437
1	8	3049
1	8	1559
2	8	3234
2	8	1246
3	8	3112
3	8	1389
4	8	3217
4	8	1395

0	9	3281
0	9	1374
1	9	3082
1	9	1309
2	9	3122
2	9	1413
3	9	3183
3	9	1281
4	9	3274
4	9	1261

0	10	3080
0	10	1531
1	10	3112
1	10	1549
2	10	3221
2	10	1550
3	10	3227
3	10	1531
4	10	3172
4	10	1738

0	11	3114
0	11	1453
1	11	3261
1	11	1798
2	11	3138
2	11	1405
3	11	3073
3	11	1530
4	11	3239
4	11	1536

0	12	3272
0	12	3156
1	12	3056
1	12	3036
2	12	3084
2	12	2653
3	12	3151
3	12	2949
4	12	3130
4	12	3228

0	13	3180
0	13	4460
1	13	3181
1	13	4918
2	13	3217
2	13	4977
3	13	3124
3	13	4944
4	13	3141
4	13	4650

0	14	3225
0	14	3118
1	14	3043
1	14	3356
2	14	3131
2	14	3523
3	14	3240
3	14	3329
4	14	3174
4	14	3294

0	15	3223
0	15	3124
1	15	3197
1	15	2924
2	15	3158
2	15	2642
3	15	3067
3	15	2640
4	15	3112
4	15	2901

0	16	3133
0	16	10088
1	16	3114
1	16	9959
2	16	3191
2	16	9163
3	16	3179
3	16	11075
4	16	3123
4	16	9577

0	17	3129
0	17	3357
1	17	3133
1	17	3308
2	17	3108
2	17	2801
3	17	3104
3	17	3543
4	17	3180
4	17	3605

0	18	3058
0	18	12113
1	18	3001
1	18	9012
2	18	3147
2	18	11086
3	18	3064
3	18	10794
4	18	3083
4	18	9935

0	19	3184
0	19	3790
1	19	3101
1	19	3056
2	19	3176
2	19	3534
3	19	3207
3	19	3076
4	19	3256
4	19	3046

0	20	3144
0	20	2512
1	20	3073
1	20	2668
2	20	3109
2	20	2457
3	20	3035
3	20	2683
4	20	3172
4	20	2795

0	21	3126
0	21	2771
1	21	3037
1	21	4584
2	21	3088
2	21	3372
3	21	3082
3	21	2753
4	21	3022
4	21	2869

0	22	3153
0	22	2513
1	22	3125
1	22	2172
2	22	3162
2	22	2349
3	22	3075
3	22	2393
4	22	3196
4	22	2022

0	23	3171
0	23	3790
1	23	3144
1	23	3563
2	23	3209
2	23	3244
3	23	3097
3	23	3190
4	23	3151
4	23	3380

0	24	3222
0	24	3599
1	24	3240
1	24	3456
2	24	3166
2	24	3060
3	24	3090
3	24	3013
4	24	3105
4	24	3649

0	25	3217
0	25	3967
1	25	3232
1	25	3674
2	25	3133
2	25	3773
3	25	3071
3	25	4815
4	25	3101
4	25	4055

0	26	3236
0	26	2682
1	26	3182
1	26	2682
2	26	3123
2	26	3128
3	26	3153
3	26	2478
4	26	3111
4	26	2708

0	27	3152
0	27	4252
1	27	3128
1	27	4030
2	27	3220
2	27	4040
3	27	3156
3	27	4553
4	27	3223
4	27	3937

0	28	3086
0	28	3661
1	28	3151
1	28	3027
2	28	3147
2	28	3645
3	28	3092
3	28	3292
4	28	3278
4	28	3253

0	29	3169
0	29	4317
1	29	3187
1	29	4171
2	29	3208
2	29	3519
3	29	3252
3	29	4051
4	29	3115
4	29	4035

0	30	3183
0	30	4117
1	30	3001
1	30	4032
2	30	3117
2	30	3667
3	30	3137
3	30	3925
4	30	3256
4	30	4601

0	31	3167
0	31	2984
1	31	3090
1	31	3840
2	31	3145
2	31	3147
3	31	3123
3	31	3267
4	31	3203
4	31	2884

0	32	3207
0	32	4173
1	32	3166
1	32	4163
2	32	3160
2	32	4163
3	32	3050
3	32	4231
4	32	3227
4	32	4354

0	33	3153
0	33	3782
1	33	3284
1	33	4219
2	33	3182
2	33	4189
3	33	3130
3	33	4276
4	33	3184
4	33	3934

0	34	3119
0	34	4054
1	34	3243
1	34	4203
2	34	3084
2	34	3435
3	34	3070
3	34	3734
4	34	3201
4	34	3828

0	35	3252
0	35	4502
1	35	3112
1	35	4109
2	35	3189
2	35	4779
3	35	3166
3	35	3959
4	35	3127
4	35	3993

0	36	3263
0	36	4327
1	36	3177
1	36	3975
2	36	3151
2	36	3717
3	36	3091
3	36	3842
4	36	3175
4	36	4194

0	37	3048
0	37	4157
1	37	3061
1	37	4309
2	37	3112
2	37	3754
3	37	3165
3	37	3835
4	37	3088
4	37	4378

0	38	3135
0	38	2968
1	38	3104
1	38	2510
2	38	3198
2	38	2404
3	38	3133
3	38	2850
4	38	3218
4	38	2631

0	39	3239
0	39	4308
1	39	3056
1	39	3681
2	39	3207
2	39	2863
3	39	3161
3	39	3343
4	39	3311
4	39	3457

0	40	3174
0	40	3158
1	40	3148
1	40	3875
2	40	3150
2	40	2911
3	40	3131
3	40	3390
4	40	3094
4	40	3522

0	41	3140
0	41	2592
1	41	3139
1	41	2732
2	41	3125
2	41	2692
3	41	3152
3	41	2668
4	41	3175
4	41	2607

0	42	3256
0	42	5573
1	42	3163
1	42	4410
2	42	3226
2	42	4601
3	42	3075
3	42	4530
4	42	3238
4	42	4416

0	43	3145
0	43	5032
1	43	3099
1	43	4647
2	43	3202
2	43	4267
3	43	3144
3	43	4751
4	43	3199
4	43	4459

0	44	3228
0	44	4444
1	44	3121
1	44	4391
2	44	3168
2	44	4025
3	44	3085
3	44	4086
4	44	3173
4	44	4490

0	45	3166
0	45	4925
1	45	3183
1	45	4455
2	45	3206
2	45	4022
3	45	3177
3	45	4477
4	45	3190
4	45	4412

0	46	3157
0	46	4193
1	46	3148
1	46	4495
2	46	3199
2	46	3925
3	46	3138
3	46	4278
4	46	3182
4	46	4477

0	47	3203
0	47	4031
1	47	3217
1	47	4401
2	47	3139
2	47	3419
3	47	3088
3	47	3267
4	47	3109
4	47	3186

0	48	3211
0	48	4535
1	48	3161
1	48	4459
2	48	3165
2	48	4260
3	48	3028
3	48	4337
4	48	3203
4	48	4309

0	49	3191
0	49	6062
1	49	3106
1	49	5432
2	49	3198
2	49	5012
3	49	3084
3	49	5069
4	49	3148
4	49	5624

0	50	3229
0	50	3994
1	50	3145
1	50	3082
2	50	3214
2	50	3113
3	50	3117
3	50	2838
4	50	3158
4	50	2903

0	51	3220
0	51	6089
1	51	3121
1	51	5168
2	51	3086
2	51	5179
3	51	3148
3	51	5248
4	51	3238
4	51	4797

0	52	3164
0	52	5028
1	52	3034
1	52	5485
2	52	3218
2	52	4990
3	52	3130
3	52	4949
4	52	3149
4	52	4832

0	53	3116
0	53	6145
1	53	3011
1	53	5600
2	53	3114
2	53	5296
3	53	3256
3	53	5069
4	53	3139
4	53	5894

0	54	3159
0	54	3538
1	54	3220
1	54	3069
2	54	3192
2	54	3044
3	54	3103
3	54	3383
4	54	3201
4	54	2798

0	55	3052
0	55	32618
1	55	3157
1	55	23067
2	55	3141
2	55	13712
3	55	3174
3	55	17518
4	55	3177
4	55	30720

0	56	3239
0	56	4001
1	56	3083
1	56	4124
2	56	3110
2	56	3568
3	56	3106
3	56	3581
4	56	3247
4	56	3776

0	57	3205
0	57	5168
1	57	3141
1	57	5196
2	57	3212
2	57	4845
3	57	3139
3	57	4836
4	57	3201
4	57	4848

0	58	3157
0	58	5373
1	58	3091
1	58	4689
2	58	3167
2	58	4876
3	58	3072
3	58	4798
4	58	3169
4	58	5437

0	59	3272
0	59	4665
1	59	3082
1	59	3234
2	59	3125
2	59	3098
3	59	3168
3	59	3705
4	59	3190
4	59	2772

0	60	3128
0	60	3149
1	60	3062
1	60	3258
2	60	3215
2	60	3075
3	60	3143
3	60	3221
4	60	3121
4	60	2795

0	61	3222
0	61	3139
1	61	3029
1	61	2436
2	61	3131
2	61	3062
3	61	3171
3	61	2727
4	61	3196
4	61	2578

0	62	3121
0	62	3108
1	62	3122
1	62	3332
2	62	3237
2	62	2886
3	62	3093
3	62	2896
4	62	3226
4	62	3180

0	63	3169
0	63	4703
1	63	3183
1	63	5202
2	63	3062
2	63	4568
3	63	3093
3	63	3952
4	63	3109
4	63	5118

0	64	3137
0	64	5488
1	64	3176
1	64	5343
2	64	3229
2	64	4879
3	64	3214
3	64	4741
4	64	3196
4	64	5013

0	65	3177
0	65	5729
1	65	3194
1	65	5494
2	65	3090
2	65	4829
3	65	3168
3	65	4566
4	65	3216
4	65	4927

0	66	3254
0	66	3605
1	66	3086
1	66	3209
2	66	3159
2	66	3233
3	66	3062
3	66	4608
4	66	3222
4	66	4459

0	67	3139
0	67	5514
1	67	3094
1	67	5449
2	67	3185
2	67	5835
3	67	3202
3	67	5186
4	67	3104
4	67	4938

0	68	3186
0	68	3365
1	68	3100
1	68	3195
2	68	3043
2	68	3746
3	68	3057
3	68	3629
4	68	3300
4	68	3514

0	69	3172
0	69	3691
1	69	3092
1	69	3690
2	69	3173
2	69	3400
3	69	3240
3	69	4501
4	69	3259
4	69	3758

0	70	3136
0	70	5566
1	70	3064
1	70	6120
2	70	3105
2	70	5030
3	70	3048
3	70	5511
4	70	3152
4	70	5501

0	71	3237
0	71	6810
1	71	3126
1	71	6390
2	71	3119
2	71	5140
3	71	3173
3	71	5904
4	71	3196
4	71	5226

0	72	3124
0	72	3210
1	72	3102
1	72	3393
2	72	3167
2	72	3504
3	72	3031
3	72	3338
4	72	3170
4	72	3318

0	73	3111
0	73	3623
1	73	3152
1	73	3645
2	73	3159
2	73	3447
3	73	3090
3	73	3593
4	73	3198
4	73	3209

0	74	3135
0	74	4546
1	74	3026
1	74	4116
2	74	3116
2	74	4641
3	74	3105
3	74	4002
4	74	3324
4	74	3815

0	75	3144
0	75	4004
1	75	3042
1	75	4521
2	75	3151
2	75	4136
3	75	3067
3	75	4473
4	75	3077
4	75	4862

0	76	3206
0	76	6435
1	76	3095
1	76	12220
2	76	3187
2	76	12571
3	76	3151
3	76	7989
4	76	3113
4	76	7082

0	77	3214
0	77	4768
1	77	3059
1	77	5701
2	77	3203
2	77	4848
3	77	3148
3	77	5656
4	77	3262
4	77	5302

0	78	3273
0	78	4551
1	78	3114
1	78	4254
2	78	3173
2	78	3405
3	78	3144
3	78	3861
4	78	3129
4	78	3772

0	79	3216
0	79	7583
1	79	3074
1	79	8215
2	79	3222
2	79	7360
3	79	3163
3	79	7809
4	79	3099
4	79	7803

0	80	3176
0	80	3782
1	80	3116
1	80	3907
2	80	3102
2	80	3740
3	80	3119
3	80	3714
4	80	3248
4	80	3001

0	81	3203
0	81	6645
1	81	3101
1	81	6162
2	81	3236
2	81	6476
3	81	3149
3	81	5754
4	81	3099
4	81	5807

0	82	3154
0	82	6176
1	82	3172
1	82	5774
2	82	3137
2	82	5570
3	82	3113
3	82	5441
4	82	3185
4	82	5968

0	83	3149
0	83	9043
1	83	3109
1	83	9254
2	83	3131
2	83	8543
3	83	3042
3	83	8528
4	83	3258
4	83	9432

0	84	3131
0	84	8945
1	84	3117
1	84	9495
2	84	3158
2	84	8791
3	84	3139
3	84	9139
4	84	3149
4	84	8774

0	85	3078
0	85	5402
1	85	3143
1	85	4882
2	85	3217
2	85	5034
3	85	3035
3	85	4859
4	85	3224
4	85	5832

0	86	3138
0	86	6169
1	86	3169
1	86	6550
2	86	3219
2	86	6131
3	86	3095
3	86	6214
4	86	3173
4	86	6119

0	87	3230
0	87	7194
1	87	3151
1	87	6446
2	87	3165
2	87	6036
3	87	3143
3	87	6537
4	87	3151
4	87	5970

0	88	3164
0	88	6006
1	88	3081
1	88	5469
2	88	3170
2	88	5399
3	88	3168
3	88	5783
4	88	3134
4	88	5392

0	89	3185
0	89	5539
1	89	3124
1	89	5810
2	89	3156
2	89	4849
3	89	3193
3	89	5728
4	89	3216
4	89	5691

0	90	3117
0	90	5416
1	90	3092
1	90	3761
2	90	3130
2	90	3530
3	90	3271
3	90	5113
4	90	3138
4	90	4242

0	91	3240
0	91	3535
1	91	3131
1	91	3973
2	91	3211
2	91	4367
3	91	3196
3	91	3879
4	91	3108
4	91	3966

0	92	3080
0	92	6576
1	92	3109
1	92	6724
2	92	3166
2	92	6088
3	92	3125
3	92	5903
4	92	3204
4	92	6687

0	93	3192
0	93	4219
1	93	3072
1	93	3360
2	93	3141
2	93	3840
3	93	3168
3	93	3322
4	93	3170
4	93	3199

0	94	3084
0	94	13589
1	94	3017
1	94	14686
2	94	3083
2	94	14584
3	94	3006
3	94	20334
4	94	3196
4	94	13752

0	95	3075
0	95	2790
1	95	3082
1	95	2900
2	95	3110
2	95	2912
3	95	3041
3	95	2472
4	95	3094
4	95	2795

0	96	3085
0	96	2682
1	96	3088
1	96	2070
2	96	3146
2	96	2898
3	96	3218
3	96	2559
4	96	3201
4	96	3329

0	97	3153
0	97	9036
1	97	3055
1	97	8992
2	97	3211
2	97	9433
3	97	3072
3	97	9717
4	97	3198
4	97	9055

0	98	3161
0	98	13582
1	98	3043
1	98	15259
2	98	3176
2	98	38024
3	98	2997
3	98	11679
4	98	3148
4	98	11568

0	99	3155
0	99	5695
1	99	3041
1	99	5974
2	99	3159
2	99	6097
3	99	3164
3	99	5965
4	99	3196
4	99	5035

0	100	3254
0	100	6031
1	100	3133
1	100	5528
2	100	3057
2	100	5327
3	100	3088
3	100	4873
4	100	3155
4	100	5488

0	101	3160
0	101	6512
1	101	3139
1	101	6097
2	101	3214
2	101	6171
3	101	3004
3	101	5098
4	101	3068
4	101	5802

0	102	3157
0	102	5591
1	102	3205
1	102	5925
2	102	3171
2	102	5053
3	102	3132
3	102	4886
4	102	3136
4	102	4857

0	103	3146
0	103	5175
1	103	3089
1	103	5907
2	103	3107
2	103	4745
3	103	3182
3	103	5076
4	103	3169
4	103	5200

0	104	3140
0	104	4650
1	104	3169
1	104	5577
2	104	3167
2	104	5001
3	104	3082
3	104	4781
4	104	3135
4	104	4475

0	105	3064
0	105	7454
1	105	3046
1	105	8789
2	105	3240
2	105	7205
3	105	3092
3	105	7006
4	105	3172
4	105	8839

0	106	3183
0	106	3503
1	106	3154
1	106	3674
2	106	3215
2	106	3958
3	106	3191
3	106	4156
4	106	3261
4	106	3893

0	107	3104
0	107	3965
1	107	3285
1	107	3582
2	107	3147
2	107	3584
3	107	3147
3	107	5648
4	107	3161
4	107	4466

0	108	3179
0	108	4783
1	108	3156
1	108	3648
2	108	3127
2	108	4215
3	108	3218
3	108	4351
4	108	3266
4	108	4155

0	109	3097
0	109	3143
1	109	3091
1	109	3155
2	109	3159
2	109	3781
3	109	3116
3	109	3432
4	109	3217
4	109	3402

0	110	3262
0	110	4211
1	110	3131
1	110	4097
2	110	3259
2	110	4669
3	110	3161
3	110	5038
4	110	3126
4	110	3903

0	111	3094
0	111	10515
1	111	3121
1	111	12442
2	111	3204
2	111	11368
3	111	3113
3	111	14306
4	111	3201
4	111	10941

0	112	3139
0	112	5730
1	112	3119
1	112	5809
2	112	3210
2	112	6364
3	112	3155
3	112	6038
4	112	3245
4	112	5700

0	113	3140
0	113	5998
1	113	3098
1	113	5521
2	113	3191
2	113	5717
3	113	3189
3	113	5751
4	113	3169
4	113	5863

0	114	3144
0	114	7047
1	114	3135
1	114	6692
2	114	3248
2	114	6769
3	114	3159
3	114	6978
4	114	3324
4	114	6954

0	115	3159
0	115	8231
1	115	3134
1	115	6758
2	115	3215
2	115	7407
3	115	3202
3	115	6216
4	115	3192
4	115	6136

0	116	3209
0	116	4558
1	116	3130
1	116	5669
2	116	3216
2	116	5282
3	116	3127
3	116	4189
4	116	3214
4	116	4342

0	117	3204
0	117	3963
1	117	3078
1	117	3781
2	117	3156
2	117	3782
3	117	3248
3	117	4272
4	117	3154
4	117	4251

0	118	3164
0	118	10085
1	118	3096
1	118	9440
2	118	3125
2	118	9371
3	118	3180
3	118	7714
4	118	3183
4	118	9759

0	119	3198
0	119	3944
1	119	3201
1	119	3709
2	119	3130
2	119	4123
3	119	3091
3	119	3852
4	119	3181
4	119	3111

0	120	3177
0	120	5553
1	120	3086
1	120	7664
2	120	3175
2	120	5644
3	120	3245
3	120	5807
4	120	3089
4	120	5575

0	121	3087
0	121	5507
1	121	3200
1	121	5038
2	121	3094
2	121	5287
3	121	3258
3	121	5877
4	121	3163
4	121	4083

0	122	3150
0	122	6314
1	122	3213
1	122	6750
2	122	3185
2	122	5717
3	122	3182
3	122	8124
4	122	3124
4	122	6274

0	123	3177
0	123	10019
1	123	3119
1	123	8044
2	123	3072
2	123	8195
3	123	3179
3	123	7602
4	123	3258
4	123	8088

0	124	3230
0	124	7636
1	124	3207
1	124	8374
2	124	3052
2	124	8997
3	124	3045
3	124	8551
4	124	3128
4	124	6832

0	125	3190
0	125	6178
1	125	3103
1	125	5407
2	125	3181
2	125	5641
3	125	3233
3	125	5539
4	125	3186
4	125	5193

0	126	3188
0	126	5321
1	126	3141
1	126	5110
2	126	3251
2	126	5301
3	126	3036
3	126	4455
4	126	3235
4	126	6318

0	127	3189
0	127	5445
1	127	3207
1	127	6465
2	127	3268
2	127	6142
3	127	3106
3	127	5585
4	127	3198
4	127	6156

0	128	3075
0	128	5277
1	128	3191
1	128	6474
2	128	3174
2	128	6052
3	128	3120
3	128	7009
4	128	3199
4	128	7556

0	129	3089
0	129	6358
1	129	3073
1	129	5684
2	129	3232
2	129	5109
3	129	3018
3	129	5289
4	129	3158
4	129	6712

0	130	3010
0	130	18064
1	130	2964
1	130	18732
2	130	3059
2	130	17131
3	130	2951
3	130	24631
4	130	3060
4	130	20667

0	131	3155
0	131	5523
1	131	3166
1	131	7845
2	131	3140
2	131	5020
3	131	3085
3	131	5185
4	131	3054
4	131	5111

0	132	3153
0	132	4220
1	132	3084
1	132	5928
2	132	3147
2	132	4093
3	132	3132
3	132	4048
4	132	3192
4	132	4844

0	133	3179
0	133	6953
1	133	3140
1	133	6948
2	133	3181
2	133	7731
3	133	3101
3	133	6799
4	133	3204
4	133	6334

0	134	3139
0	134	6138
1	134	3163
1	134	7116
2	134	3067
2	134	5956
3	134	3171
3	134	5891
4	134	3199
4	134	6245

0	135	3162
0	135	6343
1	135	3213
1	135	5510
2	135	3221
2	135	6999
3	135	3128
3	135	5717
4	135	3121
4	135	5303

0	136	3249
0	136	7528
1	136	3044
1	136	6459
2	136	3127
2	136	6613
3	136	3099
3	136	7098
4	136	3049
4	136	6977

0	137	3187
0	137	8280
1	137	3131
1	137	8510
2	137	3054
2	137	7524
3	137	3097
3	137	8402
4	137	3284
4	137	7895

0	138	3131
0	138	19568
1	138	3062
1	138	14742
2	138	3060
2	138	14561
3	138	3021
3	138	16970
4	138	3136
4	138	13453

0	139	3115
0	139	6951
1	139	3142
1	139	7066
2	139	3151
2	139	6763
3	139	3089
3	139	7486
4	139	3169
4	139	6528

0	140	3159
0	140	10064
1	140	3133
1	140	8553
2	140	3133
2	140	10461
3	140	3027
3	140	10114
4	140	3179
4	140	11011

0	141	3100
0	141	45920
1	141	3163
1	141	27031
2	141	3119
2	141	20556
3	141	2906
3	141	30077
4	141	3141
4	141	43435

0	142	3218
0	142	11282
1	142	3066
1	142	10874
2	142	3116
2	142	10414
3	142	3120
3	142	11217
4	142	3152
4	142	9559

0	143	3104
0	143	9209
1	143	3089
1	143	10509
2	143	3115
2	143	10591
3	143	3080
3	143	9022
4	143	3175
4	143	10753

0	144	3251
0	144	9837
1	144	3141
1	144	10533
2	144	3160
2	144	12002
3	144	3156
3	144	11454
4	144	3232
4	144	10749

0	145	3140
0	145	5631
1	145	3139
1	145	5049
2	145	3178
2	145	5148
3	145	3161
3	145	4689
4	145	3106
4	145	4483

0	146	3191
0	146	5968
1	146	3023
1	146	5703
2	146	3203
2	146	5951
3	146	3130
3	146	6369
4	146	3126
4	146	6507

0	147	3247
0	147	5623
1	147	3112
1	147	6833
2	147	3234
2	147	6457
3	147	3177
3	147	4572
4	147	3207
4	147	4921

0	148	3121
0	148	11408
1	148	3052
1	148	9930
2	148	3154
2	148	9708
3	148	3049
3	148	10604
4	148	3124
4	148	9249

0	149	3123
0	149	9982
1	149	3039
1	149	9393
2	149	3187
2	149	9658
3	149	3157
3	149	11006
4	149	3212
4	149	8166

0	150	3236
0	150	8810
1	150	3117
1	150	5750
2	150	3193
2	150	7053
3	150	3138
3	150	5862
4	150	3115
4	150	6105

0	151	3107
0	151	7090
1	151	3109
1	151	6697
2	151	3207
2	151	6713
3	151	3090
3	151	5993
4	151	3146
4	151	6004

0	152	3206
0	152	5584
1	152	3084
1	152	5622
2	152	3148
2	152	5828
3	152	3224
3	152	6489
4	152	3030
4	152	5272

0	153	3155
0	153	5964
1	153	3146
1	153	4636
2	153	3187
2	153	5844
3	153	3086
3	153	6135
4	153	3208
4	153	5656

0	154	3154
0	154	6517
1	154	3135
1	154	6206
2	154	3215
2	154	6991
3	154	3170
3	154	6573
4	154	3082
4	154	6829

0	155	3067
0	155	5764
1	155	3227
1	155	5128
2	155	3191
2	155	6643
3	155	3068
3	155	6199
4	155	3181
4	155	6790

0	156	3170
0	156	5870
1	156	3072
1	156	4529
2	156	3150
2	156	5007
3	156	3223
3	156	5042
4	156	3201
4	156	5122

0	157	3182
0	157	12982
1	157	3167
1	157	14644
2	157	3163
2	157	16368
3	157	3067
3	157	16683
4	157	3105
4	157	14047

0	158	3191
0	158	6555
1	158	3145
1	158	5249
2	158	3133
2	158	4682
3	158	3221
3	158	4541
4	158	3297
4	158	6064

0	159	3088
0	159	4537
1	159	3146
1	159	5075
2	159	3266
2	159	4313
3	159	3091
3	159	5420
4	159	3164
4	159	6554

0	160	3254
0	160	5786
1	160	3070
1	160	6158
2	160	3176
2	160	6283
3	160	3105
3	160	6558
4	160	3184
4	160	6760

0	161	3163
0	161	6174
1	161	3069
1	161	6352
2	161	3168
2	161	6370
3	161	3057
3	161	7254
4	161	3159
4	161	6489

0	162	3185
0	162	6486
1	162	3091
1	162	7413
2	162	3214
2	162	7077
3	162	3147
3	162	8328
4	162	3161
4	162	9292

0	163	3153
0	163	11460
1	163	3072
1	163	14022
2	163	3187
2	163	11043
3	163	3154
3	163	11136
4	163	3268
4	163	12904

0	164	3152
0	164	9687
1	164	3115
1	164	10254
2	164	3063
2	164	11354
3	164	3157
3	164	10954
4	164	3112
4	164	10355

0	165	3126
0	165	10014
1	165	3162
1	165	11464
2	165	3063
2	165	10600
3	165	3137
3	165	10898
4	165	3188
4	165	10903

0	166	3244
0	166	11787
1	166	3199
1	166	9550
2	166	3205
2	166	10024
3	166	3105
3	166	9175
4	166	3237
4	166	9531

0	167	3196
0	167	3196
1	167	3028
1	167	3230
2	167	3172
2	167	3598
3	167	3179
3	167	5479
4	167	3214
4	167	3866

0	168	3270
0	168	9794
1	168	2994
1	168	9613
2	168	3200
2	168	10749
3	168	2999
3	168	10575
4	168	3135
4	168	9759

0	169	3288
0	169	10182
1	169	3121
1	169	11635
2	169	3261
2	169	10114
3	169	3085
3	169	10704
4	169	3158
4	169	11465

0	170	3115
0	170	10662
1	170	3153
1	170	11615
2	170	3120
2	170	11904
3	170	3060
3	170	13023
4	170	3235
4	170	11890

0	171	3211
0	171	7281
1	171	3095
1	171	6451
2	171	3155
2	171	6959
3	171	3042
3	171	7455
4	171	3106
4	171	7471

0	172	3204
0	172	7950
1	172	3143
1	172	9168
2	172	3224
2	172	8352
3	172	3104
3	172	7556
4	172	3305
4	172	8303

0	173	3261
0	173	7757
1	173	3084
1	173	7527
2	173	3165
2	173	7308
3	173	3172
3	173	7849
4	173	3156
4	173	7359

0	174	3235
0	174	15499
1	174	3181
1	174	12352
2	174	3180
2	174	11423
3	174	3106
3	174	13161
4	174	3130
4	174	12541

0	175	3245
0	175	10185
1	175	3054
1	175	8955
2	175	3152
2	175	9790
3	175	3039
3	175	10834
4	175	3165
4	175	9353

0	176	3152
0	176	16323
1	176	3118
1	176	14568
2	176	3208
2	176	16042
3	176	3062
3	176	17869
4	176	3086
4	176	13587

0	177	3132
0	177	12235
1	177	3115
1	177	16038
2	177	3016
2	177	9924
3	177	3015
3	177	12988
4	177	3150
4	177	11708

0	178	3176
0	178	10545
1	178	3124
1	178	11606
2	178	3179
2	178	11957
3	178	3009
3	178	14872
4	178	3194
4	178	11796

0	179	3119
0	179	15335
1	179	3203
1	179	16447
2	179	3098
2	179	15300
3	179	3147
3	179	16181
4	179	3212
4	179	13767

0	180	3147
0	180	32074
1	180	3170
1	180	22663
2	180	3116
2	180	42425
3	180	3081
3	180	40357
4	180	3185
4	180	36285

0	181	3232
0	181	14250
1	181	3094
1	181	30099
2	181	3142
2	181	19019
3	181	3199
3	181	17171
4	181	3134
4	181	16006

0	182	3166
0	182	7317
1	182	3101
1	182	6327
2	182	3190
2	182	6505
3	182	3132
3	182	6762
4	182	3173
4	182	6045

0	183	3206
0	183	7350
1	183	3124
1	183	6519
2	183	3163
2	183	6894
3	183	3070
3	183	7789
4	183	3076
4	183	8155

0	184	3155
0	184	7760
1	184	3139
1	184	6778
2	184	3152
2	184	9651
3	184	3107
3	184	6328
4	184	3136
4	184	8419

0	185	3136
0	185	8317
1	185	3066
1	185	7627
2	185	3159
2	185	6682
3	185	3082
3	185	7156
4	185	3191
4	185	6243

0	186	3168
0	186	8461
1	186	3116
1	186	7869
2	186	3204
2	186	7858
3	186	3026
3	186	7581
4	186	3160
4	186	8110

0	187	3116
0	187	8531
1	187	3132
1	187	9424
2	187	3176
2	187	7678
3	187	3108
3	187	7426
4	187	3132
4	187	8627

0	188	3209
0	188	6025
1	188	3109
1	188	5835
2	188	3172
2	188	5681
3	188	3086
3	188	5924
4	188	3216
4	188	5601

0	189	3236
0	189	16715
1	189	3108
1	189	19672
2	189	3127
2	189	14549
3	189	3091
3	189	17025
4	189	3120
4	189	15568

0	190	3227
0	190	8039
1	190	3237
1	190	7784
2	190	3268
2	190	7674
3	190	3169
3	190	7644
4	190	3059
4	190	6793

0	191	3192
0	191	11358
1	191	3104
1	191	8509
2	191	3154
2	191	8042
3	191	3144
3	191	7375
4	191	3072
4	191	7634

0	192	3219
0	192	7867
1	192	3154
1	192	6714
2	192	3176
2	192	6888
3	192	3068
3	192	5930
4	192	3203
4	192	8379

0	193	3120
0	193	7051
1	193	3219
1	193	6710
2	193	3087
2	193	6327
3	193	3001
3	193	6668
4	193	3190
4	193	6341

0	194	3115
0	194	6684
1	194	3117
1	194	6823
2	194	3133
2	194	6430
3	194	3159
3	194	7043
4	194	3122
4	194	6192

0	195	3111
0	195	13946
1	195	3025
1	195	13523
2	195	3171
2	195	14137
3	195	3152
3	195	14527
4	195	3191
4	195	15367

0	196	3120
0	196	5649
1	196	3056
1	196	6395
2	196	3225
2	196	5579
3	196	3195
3	196	5965
4	196	3184
4	196	6522

0	197	3215
0	197	13161
1	197	3127
1	197	12554
2	197	3157
2	197	13668
3	197	3119
3	197	13479
4	197	3161
4	197	15183

0	198	3143
0	198	11147
1	198	3201
1	198	14274
2	198	3193
2	198	10559
3	198	3151
3	198	13035
4	198	3073
4	198	11909

0	199	3276
0	199	9028
1	199	3204
1	199	12290
2	199	3168
2	199	10122
3	199	3097
3	199	9421
4	199	3114
4	199	11316

0	200	3085
0	200	12102
1	200	3065
1	200	12097
2	200	3116
2	200	14087
3	200	3144
3	200	15117
4	200	3143
4	200	11340

0	201	3151
0	201	13085
1	201	3067
1	201	14856
2	201	3078
2	201	12788
3	201	2997
3	201	16443
4	201	3135
4	201	12785

0	202	3160
0	202	9063
1	202	3134
1	202	9584
2	202	3142
2	202	9452
3	202	2993
3	202	8226
4	202	3069
4	202	8176

0	203	3209
0	203	14853
1	203	3055
1	203	12148
2	203	3258
2	203	12369
3	203	3099
3	203	14588
4	203	3161
4	203	10750

0	204	3187
0	204	7550
1	204	3096
1	204	6716
2	204	3183
2	204	7348
3	204	3124
3	204	6800
4	204	3128
4	204	6179

0	205	2990
0	205	25902
1	205	3147
1	205	17566
2	205	3101
2	205	18294
3	205	2841
3	205	20628
4	205	3028
4	205	15114

0	206	3162
0	206	9553
1	206	3151
1	206	8112
2	206	3256
2	206	10517
3	206	3182
3	206	9857
4	206	3249
4	206	9534

0	207	3159
0	207	10383
1	207	3168
1	207	9728
2	207	3124
2	207	8966
3	207	3121
3	207	10400
4	207	3186
4	207	9603

0	208	3022
0	208	10593
1	208	3215
1	208	10515
2	208	3091
2	208	11206
3	208	3001
3	208	10974
4	208	3141
4	208	10208

0	209	3104
0	209	7627
1	209	3094
1	209	7226
2	209	3092
2	209	7319
3	209	3216
3	209	7611
4	209	3292
4	209	7182

0	210	3168
0	210	13563
1	210	3201
1	210	16751
2	210	3105
2	210	15409
3	210	3170
3	210	17186
4	210	3188
4	210	17022

0	211	3200
0	211	8114
1	211	3104
1	211	7348
2	211	3187
2	211	7344
3	211	3070
3	211	6993
4	211	3144
4	211	6689

0	212	3280
0	212	10965
1	212	3182
1	212	13479
2	212	3174
2	212	10383
3	212	3126
3	212	10976
4	212	3157
4	212	10038

0	213	3126
0	213	7746
1	213	3068
1	213	6464
2	213	3079
2	213	6090
3	213	3098
3	213	7412
4	213	3154
4	213	8079

0	214	3213
0	214	8098
1	214	3132
1	214	8518
2	214	3128
2	214	6590
3	214	3035
3	214	8433
4	214	3169
4	214	9749

0	215	3078
0	215	13876
1	215	3063
1	215	15179
2	215	3174
2	215	12028
3	215	2984
3	215	15358
4	215	3186
4	215	13789

0	216	3187
0	216	6922
1	216	3055
1	216	5611
2	216	3221
2	216	6896
3	216	3192
3	216	6454
4	216	3194
4	216	5901

0	217	3126
0	217	16437
1	217	3108
1	217	16327
2	217	3129
2	217	16254
3	217	3004
3	217	18389
4	217	3160
4	217	15090

0	218	3178
0	218	17279
1	218	3115
1	218	18183
2	218	3154
2	218	15110
3	218	3115
3	218	16893
4	218	3164
4	218	14587

0	219	3278
0	219	10719
1	219	3115
1	219	10563
2	219	3214
2	219	10166
3	219	3051
3	219	10463
4	219	3203
4	219	9791

0	220	3104
0	220	13885
1	220	3071
1	220	14456
2	220	3193
2	220	16651
3	220	3011
3	220	17246
4	220	3206
4	220	14928

0	221	3181
0	221	9148
1	221	3184
1	221	8093
2	221	3038
2	221	8102
3	221	3173
3	221	7988
4	221	3164
4	221	8514

0	222	3266
0	222	14216
1	222	3086
1	222	15034
2	222	3222
2	222	11071
3	222	3147
3	222	13355
4	222	3180
4	222	11897

0	223	3112
0	223	14307
1	223	3042
1	223	18368
2	223	3104
2	223	11581
3	223	3066
3	223	16375
4	223	3175
4	223	12084

0	224	3148
0	224	5960
1	224	3016
1	224	6062
2	224	3178
2	224	6751
3	224	3084
3	224	5811
4	224	3220
4	224	5881

0	225	3231
0	225	7214
1	225	3172
1	225	6340
2	225	3258
2	225	5632
3	225	3179
3	225	6430
4	225	3193
4	225	6143

0	226	2980
0	226	24561
1	226	3040
1	226	18248
2	226	3118
2	226	16663
3	226	2854
3	226	30398
4	226	3121
4	226	15283

0	227	3073
0	227	23456
1	227	3062
1	227	21368
2	227	2750
2	227	32061
3	227	2983
3	227	27583
4	227	3205
4	227	16526

0	228	3317
0	228	12246
1	228	3176
1	228	14703
2	228	3143
2	228	13952
3	228	3072
3	228	15152
4	228	3181
4	228	14426

0	229	3132
0	229	15760
1	229	3098
1	229	13325
2	229	3165
2	229	14541
3	229	3074
3	229	14879
4	229	3154
4	229	13488

0	230	3169
0	230	10521
1	230	3146
1	230	9187
2	230	3273
2	230	11268
3	230	3031
3	230	10200
4	230	3228
4	230	11182

0	231	3171
0	231	9212
1	231	3058
1	231	9901
2	231	3105
2	231	9089
3	231	3132
3	231	11118
4	231	3274
4	231	9025

0	232	3230
0	232	12220
1	232	3199
1	232	11365
2	232	3104
2	232	11729
3	232	3142
3	232	12662
4	232	3171
4	232	12980

0	233	3178
0	233	7571
1	233	3258
1	233	6395
2	233	3086
2	233	6538
3	233	3125
3	233	7310
4	233	3244
4	233	6224

0	234	3257
0	234	16806
1	234	3217
1	234	15905
2	234	3130
2	234	13779
3	234	3199
3	234	18095
4	234	3089
4	234	16413

0	235	3024
0	235	12841
1	235	3037
1	235	12922
2	235	3193
2	235	12404
3	235	3182
3	235	14116
4	235	3141
4	235	12143

0	236	3169
0	236	9189
1	236	3176
1	236	8067
2	236	3126
2	236	7520
3	236	3154
3	236	6683
4	236	3278
4	236	8768

0	237	3108
0	237	13948
1	237	3218
1	237	12956
2	237	3172
2	237	14555
3	237	3129
3	237	14750
4	237	3258
4	237	13586

0	238	3080
0	238	9674
1	238	3071
1	238	7882
2	238	3103
2	238	10636
3	238	3048
3	238	10104
4	238	3125
4	238	8475

0	239	3201
0	239	10713
1	239	3038
1	239	8637
2	239	3171
2	239	9642
3	239	3230
3	239	11677
4	239	3108
4	239	10527

0	240	3071
0	240	17958
1	240	3109
1	240	17156
2	240	3161
2	240	14761
3	240	3079
3	240	21898
4	240	3144
4	240	17127

0	241	3129
0	241	22267
1	241	2977
1	241	25442
2	241	2840
2	241	32428
3	241	2758
3	241	43978
4	241	3033
4	241	25133

0	242	3116
0	242	13020
1	242	3084
1	242	15036
2	242	3008
2	242	13285
3	242	3063
3	242	16952
4	242	2989
4	242	13911

0	243	3073
0	243	8990
1	243	3034
1	243	11561
2	243	3209
2	243	8724
3	243	3124
3	243	10386
4	243	3161
4	243	9798

0	244	3186
0	244	6895
1	244	3135
1	244	5652
2	244	3179
2	244	5312
3	244	3198
3	244	6484
4	244	3228
4	244	4955

0	245	3129
0	245	26007
1	245	3008
1	245	20702
2	245	3137
2	245	16744
3	245	3013
3	245	22537
4	245	3224
4	245	22216

0	246	3011
0	246	14601
1	246	3034
1	246	16157
2	246	3042
2	246	26563
3	246	3002
3	246	24764
4	246	3117
4	246	16323

0	247	3141
0	247	8335
1	247	3142
1	247	8460
2	247	3227
2	247	9994
3	247	3078
3	247	8694
4	247	3075
4	247	10964

0	248	3154
0	248	6437
1	248	3147
1	248	5700
2	248	3118
2	248	6782
3	248	3181
3	248	6929
4	248	3245
4	248	7970

0	249	3186
0	249	11906
1	249	3135
1	249	11128
2	249	3214
2	249	11655
3	249	3117
3	249	9705
4	249	3148
4	249	9611

0	250	3180
0	250	13739
1	250	3194
1	250	13755
2	250	3123
2	250	12774
3	250	3040
3	250	14693
4	250	3141
4	250	11588

0	251	3090
0	251	13202
1	251	2862
1	251	13441
2	251	2992
2	251	12795
3	251	3012
3	251	16192
4	251	3163
4	251	13166

0	252	3085
0	252	8550
1	252	3091
1	252	6515
2	252	3186
2	252	7701
3	252	3165
3	252	8557
4	252	3115
4	252	7490

0	253	3155
0	253	18306
1	253	3039
1	253	12738
2	253	3116
2	253	16153
3	253	3049
3	253	14938
4	253	3252
4	253	16643

0	254	3086
0	254	13959
1	254	3179
1	254	16116
2	254	3074
2	254	26863
3	254	2875
3	254	27186
4	254	3126
4	254	19188

0	255	3182
0	255	9404
1	255	3112
1	255	12234
2	255	3166
2	255	8862
3	255	2977
3	255	8505
4	255	3155
4	255	10340

0	256	3124
0	256	13078
1	256	3082
1	256	15820
2	256	3129
2	256	12144
3	256	3143
3	256	12995
4	256	3188
4	256	12780

0	257	3161
0	257	10774
1	257	2860
1	257	14026
2	257	3212
2	257	11432
3	257	3101
3	257	13441
4	257	3288
4	257	11793

0	258	3194
0	258	12298
1	258	3117
1	258	15368
2	258	3128
2	258	13203
3	258	3075
3	258	13866
4	258	3218
4	258	12121

0	259	3100
0	259	21635
1	259	2771
1	259	33747
2	259	2920
2	259	35168
3	259	3004
3	259	28246
4	259	3051
4	259	22886

0	260	3150
0	260	9455
1	260	3217
1	260	9089
2	260	3051
2	260	8079
3	260	3105
3	260	10199
4	260	3311
4	260	11615

0	261	3189
0	261	13648
1	261	3073
1	261	16558
2	261	3212
2	261	16978
3	261	3149
3	261	15408
4	261	3067
4	261	15421

0	262	3230
0	262	16741
1	262	3190
1	262	13161
2	262	3131
2	262	12513
3	262	3015
3	262	13702
4	262	3241
4	262	13550

0	263	3152
0	263	8556
1	263	3205
1	263	6426
2	263	3191
2	263	7316
3	263	3031
3	263	7003
4	263	3270
4	263	6546

0	264	3204
0	264	9913
1	264	3123
1	264	10906
2	264	3141
2	264	8997
3	264	3092
3	264	9428
4	264	3056
4	264	8371

0	265	3227
0	265	13121
1	265	3051
1	265	11515
2	265	3197
2	265	11579
3	265	3099
3	265	14399
4	265	3167
4	265	11443

0	266	2645
0	266	18074
1	266	2803
1	266	19483
2	266	3126
2	266	18667
3	266	2681
3	266	19534
4	266	2805
4	266	19610

0	267	3141
0	267	11629
1	267	2980
1	267	12813
2	267	3242
2	267	14157
3	267	3188
3	267	17782
4	267	3061
4	267	14063

0	268	3147
0	268	21474
1	268	2869
1	268	24236
2	268	3189
2	268	22066
3	268	3062
3	268	18783
4	268	3115
4	268	19898

0	269	3159
0	269	9963
1	269	3101
1	269	8395
2	269	3217
2	269	7537
3	269	3167
3	269	8190
4	269	3199
4	269	8807

0	270	3111
0	270	17494
1	270	3089
1	270	15590
2	270	3175
2	270	14885
3	270	3124
3	270	19693
4	270	3206
4	270	16288

0	271	3091
0	271	15819
1	271	3036
1	271	14410
2	271	3080
2	271	16877
3	271	3124
3	271	14518
4	271	3034
4	271	13571

0	272	3094
0	272	13244
1	272	3187
1	272	13410
2	272	3112
2	272	14275
3	272	3043
3	272	17482
4	272	3140
4	272	13234

0	273	3056
0	273	21513
1	273	3140
1	273	14087
2	273	3208
2	273	12449
3	273	3067
3	273	15950
4	273	3136
4	273	12696

0	274	3133
0	274	8848
1	274	3083
1	274	10511
2	274	3152
2	274	10000
3	274	3071
3	274	10995
4	274	3157
4	274	10271

0	275	3110
0	275	10440
1	275	3114
1	275	10617
2	275	3221
2	275	11007
3	275	3087
3	275	12002
4	275	3224
4	275	12239

0	276	3174
0	276	8976
1	276	3104
1	276	10294
2	276	3130
2	276	13869
3	276	3057
3	276	10891
4	276	3132
4	276	11596

0	277	3153
0	277	16709
1	277	3097
1	277	12544
2	277	3161
2	277	14928
3	277	3015
3	277	18789
4	277	3125
4	277	15062

0	278	3083
0	278	18662
1	278	3102
1	278	13424
2	278	2940
2	278	24101
3	278	2915
3	278	17141
4	278	3157
4	278	13780

0	279	3094
0	279	17090
1	279	2749
1	279	30539
2	279	3105
2	279	19631
3	279	3104
3	279	17589
4	279	3224
4	279	19468

0	280	3050
0	280	16767
1	280	2989
1	280	18419
2	280	2961
2	280	24350
3	280	3043
3	280	23650
4	280	3059
4	280	14193

0	281	3182
0	281	27475
1	281	3058
1	281	21173
2	281	3206
2	281	23257
3	281	2913
3	281	48339
4	281	3087
4	281	21609

0	282	3297
0	282	18659
1	282	3064
1	282	14319
2	282	3206
2	282	16160
3	282	3066
3	282	14524
4	282	3121
4	282	13813

0	283	3147
0	283	19594
1	283	3166
1	283	16939
2	283	3173
2	283	19340
3	283	3083
3	283	19314
4	283	3199
4	283	18839

0	284	3171
0	284	13303
1	284	2890
1	284	14419
2	284	2965
2	284	19974
3	284	3055
3	284	14346
4	284	3106
4	284	12786

0	285	3180
0	285	14631
1	285	2880
1	285	25189
2	285	2846
2	285	23902
3	285	3074
3	285	19668
4	285	3206
4	285	19742

0	286	3127
0	286	17365
1	286	2742
1	286	29033
2	286	3130
2	286	21466
3	286	3036
3	286	17721
4	286	3116
4	286	22453

0	287	3210
0	287	10885
1	287	3121
1	287	12814
2	287	3151
2	287	12016
3	287	3051
3	287	13260
4	287	3073
4	287	11529

0	288	3059
0	288	19710
1	288	2922
1	288	19260
2	288	3136
2	288	15410
3	288	3110
3	288	18646
4	288	3105
4	288	15377

0	289	3099
0	289	15762
1	289	3167
1	289	20977
2	289	3185
2	289	19178
3	289	3049
3	289	19122
4	289	3234
4	289	16991

0	290	2792
0	290	27616
1	290	2233
1	290	42946
2	290	2816
2	290	33878
3	290	2567
3	290	31853
4	290	2200
4	290	64514

0	291	3137
0	291	34587
1	291	2967
1	291	28935
2	291	2864
2	291	44694
3	291	3053
3	291	23748
4	291	3096
4	291	24459

0	292	3109
0	292	15787
1	292	3085
1	292	13685
2	292	3179
2	292	14502
3	292	3082
3	292	17903
4	292	3158
4	292	15289

0	293	3036
0	293	31152
1	293	3141
1	293	25042
2	293	3114
2	293	25487
3	293	2979
3	293	28630
4	293	3082
4	293	24042

0	294	3079
0	294	14369
1	294	3165
1	294	12960
2	294	3111
2	294	12311
3	294	3084
3	294	17095
4	294	3061
4	294	12803

0	295	3012
0	295	13027
1	295	3071
1	295	15494
2	295	3013
2	295	16030
3	295	3174
3	295	17034
4	295	3214
4	295	15104

0	296	3332
0	296	16167
1	296	3097
1	296	17173
2	296	3135
2	296	14828
3	296	3097
3	296	19959
4	296	3166
4	296	13440

0	297	3054
0	297	31172
1	297	3080
1	297	15076
2	297	3108
2	297	16127
3	297	3086
3	297	23583
4	297	3124
4	297	14474

0	298	3036
0	298	17930
1	298	2919
1	298	23620
2	298	2838
2	298	31508
3	298	2815
3	298	36128
4	298	3115
4	298	19976

0	299	3214
0	299	10126
1	299	3074
1	299	12524
2	299	3090
2	299	8703
3	299	3048
3	299	10598
4	299	3153
4	299	9852

0	300	3205
0	300	8837
1	300	3032
1	300	11312
2	300	3187
2	300	7751
3	300	3168
3	300	10473
4	300	3213
4	300	8668

0	301	3104
0	301	8990
1	301	3103
1	301	9754
2	301	3138
2	301	8886
3	301	3058
3	301	9539
4	301	3278
4	301	9508

0	302	3185
0	302	8253
1	302	3203
1	302	8365
2	302	3133
2	302	12198
3	302	3167
3	302	10353
4	302	3228
4	302	9234

0	303	3070
0	303	21790
1	303	3005
1	303	21793
2	303	2941
2	303	15864
3	303	2771
3	303	36058
4	303	2978
4	303	19153

0	304	3087
0	304	10505
1	304	3130
1	304	12311
2	304	3232
2	304	10805
3	304	3042
3	304	11900
4	304	3170
4	304	11079

0	305	3092
0	305	26801
1	305	3113
1	305	17987
2	305	3124
2	305	20155
3	305	2995
3	305	22104
4	305	3059
4	305	14006

0	306	3175
0	306	24090
1	306	2895
1	306	27393
2	306	2936
2	306	29639
3	306	3115
3	306	29628
4	306	3076
4	306	23864

0	307	3211
0	307	19415
1	307	3103
1	307	15341
2	307	3139
2	307	18897
3	307	3004
3	307	16086
4	307	3118
4	307	14271

0	308	3095
0	308	19969
1	308	3000
1	308	20025
2	308	2883
2	308	34990
3	308	2959
3	308	30330
4	308	3070
4	308	20033

0	309	3122
0	309	23372
1	309	3101
1	309	17939
2	309	3132
2	309	15658
3	309	2980
3	309	18411
4	309	3136
4	309	18008

0	310	3105
0	310	16440
1	310	3066
1	310	17212
2	310	3041
2	310	15726
3	310	3159
3	310	18212
4	310	3197
4	310	13810

0	311	3079
0	311	9863
1	311	3104
1	311	11274
2	311	3154
2	311	8827
3	311	3093
3	311	8876
4	311	3060
4	311	9484

0	312	3004
0	312	24975
1	312	3000
1	312	15473
2	312	3136
2	312	19054
3	312	2899
3	312	22315
4	312	3179
4	312	20305

0	313	3093
0	313	18492
1	313	3037
1	313	20578
2	313	3100
2	313	16222
3	313	3008
3	313	28259
4	313	3125
4	313	19069

0	314	3036
0	314	19652
1	314	3148
1	314	15558
2	314	3063
2	314	15322
3	314	3019
3	314	18126
4	314	3124
4	314	14921

0	315	3224
0	315	9829
1	315	3157
1	315	8205
2	315	3178
2	315	9237
3	315	3143
3	315	10714
4	315	3241
4	315	10027

0	316	3147
0	316	13629
1	316	3049
1	316	16717
2	316	3011
2	316	14982
3	316	3056
3	316	18708
4	316	3097
4	316	13252

0	317	3166
0	317	10661
1	317	3208
1	317	9169
2	317	3172
2	317	12633
3	317	3116
3	317	9320
4	317	3178
4	317	10031

0	318	2980
0	318	36093
1	318	3026
1	318	17768
2	318	3068
2	318	24226
3	318	3126
3	318	24156
4	318	3018
4	318	27742

0	319	2940
0	319	37519
1	319	2994
1	319	30549
2	319	2850
2	319	53079
3	319	2833
3	319	39974
4	319	3077
4	319	27812

0	320	2996
0	320	22352
1	320	3015
1	320	16418
2	320	3009
2	320	19808
3	320	2978
3	320	22883
4	320	3032
4	320	17289

0	321	3082
0	321	16011
1	321	3018
1	321	14617
2	321	2821
2	321	30130
3	321	2977
3	321	18600
4	321	3013
4	321	14056

0	322	3212
0	322	14023
1	322	3059
1	322	12444
2	322	3054
2	322	12915
3	322	3013
3	322	15444
4	322	3099
4	322	13125

0	323	2635
0	323	26387
1	323	2420
1	323	26884
2	323	2353
2	323	26952
3	323	2683
3	323	29281
4	323	2381
4	323	29610

0	324	3150
0	324	48387
1	324	3088
1	324	29985
2	324	3111
2	324	33194
3	324	3058
3	324	32622
4	324	3239
4	324	29610

0	325	2658
0	325	29767
1	325	2533
1	325	45839
2	325	2494
2	325	47145
3	325	2373
3	325	46997
4	325	2638
4	325	33844

0	326	3046
0	326	44877
1	326	3092
1	326	46906
2	326	3065
2	326	23384
3	326	3012
3	326	27231
4	326	3145
4	326	38379

0	327	3108
0	327	30689
1	327	3038
1	327	25166
2	327	2914
2	327	30631
3	327	2807
3	327	44414
4	327	3106
4	327	34436

0	328	3301
0	328	10232
1	328	3138
1	328	10000
2	328	3172
2	328	8973
3	328	3023
3	328	10871
4	328	3171
4	328	9802

0	329	3115
0	329	18940
1	329	3156
1	329	16320
2	329	3111
2	329	14797
3	329	3150
3	329	19700
4	329	3260
4	329	19088

0	330	3062
0	330	14774
1	330	2980
1	330	17230
2	330	3036
2	330	16301
3	330	3106
3	330	17076
4	330	3030
4	330	15312

0	331	3213
0	331	9126
1	331	3101
1	331	8878
2	331	3010
2	331	11185
3	331	3128
3	331	13077
4	331	3114
4	331	10766

0	332	2365
0	332	39039
1	332	2597
1	332	45003
2	332	2487
2	332	46536
3	332	2212
3	332	60697
4	332	2642
4	332	43586

0	333	3094
0	333	18602
1	333	3058
1	333	23231
2	333	3022
2	333	24923
3	333	3075
3	333	23351
4	333	3079
4	333	19131

0	334	3159
0	334	14385
1	334	3091
1	334	11439
2	334	3145
2	334	14023
3	334	3044
3	334	15642
4	334	3207
4	334	13007

0	335	3217
0	335	10822
1	335	3035
1	335	10258
2	335	3216
2	335	11672
3	335	3100
3	335	12153
4	335	3129
4	335	12367

0	336	3118
0	336	17037
1	336	3110
1	336	17124
2	336	3138
2	336	12295
3	336	2987
3	336	19007
4	336	3157
4	336	16148

0	337	2944
0	337	22681
1	337	2718
1	337	29209
2	337	2845
2	337	29202
3	337	2915
3	337	26061
4	337	2915
4	337	28051

0	338	3008
0	338	25771
1	338	3105
1	338	22648
2	338	3154
2	338	22012
3	338	2991
3	338	26703
4	338	3019
4	338	22477

0	339	3125
0	339	16651
1	339	3022
1	339	20858
2	339	3122
2	339	17625
3	339	2876
3	339	22014
4	339	3142
4	339	20846

0	340	3050
0	340	21301
1	340	3104
1	340	14081
2	340	3058
2	340	17256
3	340	3069
3	340	15050
4	340	3061
4	340	15380

0	341	2314
0	341	51413
1	341	2699
1	341	30667
2	341	2388
2	341	30863
3	341	2453
3	341	46477
4	341	2063
4	341	35068

0	342	2837
0	342	27916
1	342	2577
1	342	32626
2	342	2813
2	342	27797
3	342	2786
3	342	37719
4	342	2949
4	342	29942

0	343	3107
0	343	28241
1	343	3046
1	343	26205
2	343	2986
2	343	27031
3	343	2920
3	343	37720
4	343	3179
4	343	28081

0	344	3125
0	344	23318
1	344	2911
1	344	26562
2	344	2887
2	344	34278
3	344	2916
3	344	20677
4	344	3098
4	344	26407

0	345	3127
0	345	22125
1	345	3053
1	345	22974
2	345	3091
2	345	26115
3	345	2963
3	345	26245
4	345	3083
4	345	19962

0	346	2730
0	346	38755
1	346	2436
1	346	47818
2	346	2605
2	346	29634
3	346	2550
3	346	32962
4	346	2631
4	346	43594

0	347	3078
0	347	21397
1	347	3083
1	347	17740
2	347	2970
2	347	25112
3	347	2983
3	347	20946
4	347	3138
4	347	17234

0	348	2840
0	348	25733
1	348	2488
1	348	28420
2	348	2696
2	348	28936
3	348	2563
3	348	29922
4	348	2677
4	348	20518

0	349	3160
0	349	26023
1	349	3020
1	349	22322
2	349	3088
2	349	31758
3	349	2929
3	349	35827
4	349	3010
4	349	31521

0	350	3100
0	350	21214
1	350	2929
1	350	22624
2	350	3052
2	350	22176
3	350	2778
3	350	36566
4	350	3176
4	350	22359

0	351	3194
0	351	12540
1	351	2996
1	351	10611
2	351	3219
2	351	10288
3	351	3203
3	351	12460
4	351	3215
4	351	10400

0	352	3136
0	352	12424
1	352	3078
1	352	12469
2	352	3128
2	352	9639
3	352	3161
3	352	12294
4	352	3205
4	352	10565

0	353	3023
0	353	14571
1	353	2955
1	353	13306
2	353	2818
2	353	36161
3	353	3011
3	353	16374
4	353	3161
4	353	14223

0	354	3150
0	354	17335
1	354	3044
1	354	15726
2	354	3108
2	354	15522
3	354	3042
3	354	17005
4	354	3051
4	354	14411

0	355	3137
0	355	16759
1	355	3084
1	355	14660
2	355	3181
2	355	14655
3	355	3118
3	355	16586
4	355	3158
4	355	12177

0	356	3049
0	356	26639
1	356	3013
1	356	20916
2	356	3077
2	356	23720
3	356	2786
3	356	41289
4	356	3152
4	356	22956

0	357	3137
0	357	21633
1	357	3026
1	357	20369
2	357	3017
2	357	23403
3	357	2858
3	357	26401
4	357	3141
4	357	26999

0	358	3141
0	358	15004
1	358	2992
1	358	13277
2	358	3137
2	358	13981
3	358	3011
3	358	13828
4	358	3049
4	358	15366

0	359	2992
0	359	22230
1	359	2516
1	359	35358
2	359	2407
2	359	25112
3	359	2785
3	359	29450
4	359	2549
4	359	44304

0	360	3165
0	360	12454
1	360	3071
1	360	10770
2	360	3170
2	360	12064
3	360	3149
3	360	16545
4	360	3150
4	360	13611

0	361	3179
0	361	15020
1	361	3062
1	361	11962
2	361	3107
2	361	20242
3	361	3120
3	361	13958
4	361	3111
4	361	12162

0	362	2848
0	362	32759
1	362	2888
1	362	24377
2	362	2548
2	362	35425
3	362	2349
3	362	25885
4	362	2261
4	362	35123

0	363	3101
0	363	18960
1	363	3064
1	363	23342
2	363	2949
2	363	27007
3	363	2938
3	363	20960
4	363	3157
4	363	13441

0	364	2975
0	364	27568
1	364	2927
1	364	30964
2	364	3091
2	364	39758
3	364	2965
3	364	42266
4	364	3132
4	364	45739

0	365	2663
0	365	18774
1	365	2895
1	365	24854
2	365	2952
2	365	17522
3	365	2965
3	365	24708
4	365	2954
4	365	17631

0	366	2530
0	366	53935
1	366	1899
1	366	55353
2	366	2128
2	366	41007
3	366	2634
3	366	42444
4	366	2143
4	366	71393

0	367	2385
0	367	42434
1	367	2689
1	367	35319
2	367	2466
2	367	44058
3	367	2920
3	367	33012
4	367	2615
4	367	27486

0	368	2878
0	368	37690
1	368	2672
1	368	43079
2	368	2283
2	368	26087
3	368	2552
3	368	35347
4	368	2753
4	368	34457

0	369	2924
0	369	58898
1	369	2784
1	369	54688
2	369	2910
2	369	45373
3	369	2678
3	369	52545
4	369	2965
4	369	60125

0	370	3083
0	370	17559
1	370	3039
1	370	15793
2	370	3188
2	370	17186
3	370	2911
3	370	17440
4	370	3146
4	370	15642

0	371	2572
0	371	51078
1	371	1741
1	371	71741
2	371	2533
2	371	45034
3	371	2252
3	371	70842
4	371	2374
4	371	64604

0	372	3102
0	372	13231
1	372	3090
1	372	13160
2	372	3216
2	372	13645
3	372	3094
3	372	13474
4	372	3240
4	372	12285

0	373	3105
0	373	15055
1	373	3164
1	373	23545
2	373	3169
2	373	21811
3	373	3096
3	373	14864
4	373	3055
4	373	16921

0	374	2000
0	374	55602
1	374	2636
1	374	47684
2	374	2183
2	374	45823
3	374	2070
3	374	59264
4	374	2533
4	374	44799

0	375	3180
0	375	11904
1	375	3130
1	375	12941
2	375	3151
2	375	13346
3	375	3132
3	375	11910
4	375	3020
4	375	14821

0	376	3028
0	376	31685
1	376	3141
1	376	23593
2	376	3188
2	376	24733
3	376	3027
3	376	23803
4	376	3001
4	376	30313

0	377	3192
0	377	12760
1	377	3108
1	377	13454
2	377	3127
2	377	14329
3	377	3150
3	377	13061
4	377	3104
4	377	13498

0	378	3158
0	378	13421
1	378	3073
1	378	16960
2	378	3167
2	378	13687
3	378	3119
3	378	13580
4	378	3092
4	378	12017

0	379	2877
0	379	32284
1	379	2663
1	379	36197
2	379	2437
2	379	33973
3	379	2485
3	379	50170
4	379	2352
4	379	36338

0	380	2653
0	380	26910
1	380	2518
1	380	31642
2	380	2931
2	380	21639
3	380	2461
3	380	41344
4	380	2722
4	380	20631

0	381	278
0	381	147831
1	381	889
1	381	141615
2	381	244
2	381	140379
3	381	914
3	381	150176
4	381	790
4	381	140985

0	382	2768
0	382	47011
1	382	2489
1	382	45241
2	382	2475
2	382	36995
3	382	2661
3	382	43594
4	382	2219
4	382	65396

0	383	3029
0	383	15997
1	383	2966
1	383	14952
2	383	3075
2	383	14928
3	383	3152
3	383	15223
4	383	3056
4	383	15561

0	384	3124
0	384	15228
1	384	3175
1	384	13688
2	384	3072
2	384	11713
3	384	3210
3	384	13169
4	384	3135
4	384	12854

0	385	3192
0	385	14736
1	385	3054
1	385	15599
2	385	2984
2	385	19763
3	385	3037
3	385	16721
4	385	3129
4	385	16978

0	386	2284
0	386	32791
1	386	2660
1	386	33129
2	386	2804
2	386	32646
3	386	2639
3	386	38493
4	386	2868
4	386	30883

0	387	2577
0	387	29293
1	387	2429
1	387	39724
2	387	2683
2	387	27674
3	387	2580
3	387	33211
4	387	2331
4	387	38162

0	388	3038
0	388	17030
1	388	3122
1	388	12765
2	388	3142
2	388	15663
3	388	3070
3	388	19341
4	388	3149
4	388	11305

0	389	3040
0	389	34297
1	389	3038
1	389	29460
2	389	3177
2	389	29440
3	389	2981
3	389	24337
4	389	3095
4	389	51815

0	390	3096
0	390	22268
1	390	3069
1	390	24965
2	390	3118
2	390	26664
3	390	3028
3	390	28871
4	390	3138
4	390	15805

0	391	3093
0	391	20593
1	391	3105
1	391	18535
2	391	3166
2	391	25037
3	391	3067
3	391	27192
4	391	3034
4	391	22787

0	392	3106
0	392	15246
1	392	2966
1	392	16432
2	392	3124
2	392	13370
3	392	3077
3	392	12080
4	392	3121
4	392	13042

0	393	2923
0	393	31948
1	393	3112
1	393	13361
2	393	3093
2	393	13788
3	393	3067
3	393	17691
4	393	3078
4	393	16980

0	394	3214
0	394	15240
1	394	3152
1	394	16917
2	394	3279
2	394	14195
3	394	2963
3	394	22788
4	394	3279
4	394	15775

0	395	3064
0	395	15147
1	395	3077
1	395	14529
2	395	3099
2	395	11953
3	395	3065
3	395	19984
4	395	3153
4	395	16499

0	396	3131
0	396	13358
1	396	3096
1	396	19091
2	396	3138
2	396	12106
3	396	2999
3	396	11090
4	396	3225
4	396	14973

0	397	3159
0	397	12585
1	397	3015
1	397	12392
2	397	3074
2	397	11862
3	397	3014
3	397	13050
4	397	3113
4	397	12932

0	398	2214
0	398	49240
1	398	2638
1	398	32019
2	398	2830
2	398	32986
3	398	2748
3	398	40522
4	398	2452
4	398	38469

0	399	3052
0	399	14276
1	399	3029
1	399	16203
2	399	2987
2	399	21697
3	399	3040
3	399	14905
4	399	3086
4	399	14880

0	400	2128
0	400	53217
1	400	2419
1	400	55066
2	400	2695
2	400	61042
3	400	2406
3	400	41007
4	400	2764
4	400	39752

0	401	1603
0	401	94809
1	401	2051
1	401	83736
2	401	1400
2	401	108398
3	401	1315
3	401	136671
4	401	1180
4	401	145752

0	402	3261
0	402	13325
1	402	3097
1	402	15152
2	402	3167
2	402	13235
3	402	3165
3	402	14770
4	402	3080
4	402	15937

0	403	3043
0	403	29883
1	403	2878
1	403	35262
2	403	3039
2	403	32731
3	403	2866
3	403	50521
4	403	3057
4	403	24340

0	404	3108
0	404	41535
1	404	2969
1	404	27131
2	404	2803
2	404	42719
3	404	3077
3	404	20822
4	404	2891
4	404	52482

0	405	2373
0	405	44259
1	405	2712
1	405	43730
2	405	2933
2	405	37387
3	405	2482
3	405	47430
4	405	2281
4	405	47291

0	406	2739
0	406	20759
1	406	2533
1	406	22664
2	406	2970
2	406	27467
3	406	2758
3	406	29545
4	406	2555
4	406	21184

0	407	2686
0	407	45457
1	407	2661
1	407	51415
2	407	2961
2	407	31753
3	407	2567
3	407	37247
4	407	2900
4	407	36408

0	408	3086
0	408	11114
1	408	3053
1	408	12413
2	408	3104
2	408	10703
3	408	3021
3	408	10391
4	408	3146
4	408	12131

0	409	3128
0	409	19068
1	409	3049
1	409	12322
2	409	3206
2	409	13677
3	409	3119
3	409	12712
4	409	2981
4	409	14531

0	410	3099
0	410	18310
1	410	3186
1	410	14757
2	410	3116
2	410	14700
3	410	3129
3	410	17011
4	410	3180
4	410	14196

0	411	3167
0	411	24386
1	411	3156
1	411	23922
2	411	3128
2	411	26765
3	411	2963
3	411	27375
4	411	3084
4	411	29679

0	412	3154
0	412	11195
1	412	3127
1	412	12577
2	412	3134
2	412	11853
3	412	3100
3	412	12503
4	412	3089
4	412	11316

0	413	2914
0	413	23499
1	413	2523
1	413	25186
2	413	2949
2	413	23385
3	413	2507
3	413	34771
4	413	2945
4	413	25360

0	414	3086
0	414	14188
1	414	3041
1	414	13797
2	414	3161
2	414	14239
3	414	3041
3	414	24012
4	414	3085
4	414	13312

0	415	3120
0	415	12943
1	415	3104
1	415	18432
2	415	3102
2	415	16469
3	415	3080
3	415	11706
4	415	3186
4	415	13902

0	416	2239
0	416	46934
1	416	2391
1	416	35566
2	416	2765
2	416	30390
3	416	2233
3	416	51957
4	416	2471
4	416	42408

0	417	3202
0	417	16041
1	417	3134
1	417	18076
2	417	3102
2	417	21268
3	417	3047
3	417	19281
4	417	3177
4	417	17331

0	418	2937
0	418	32614
1	418	2434
1	418	58332
2	418	2880
2	418	37778
3	418	2332
3	418	56281
4	418	2812
4	418	36883

0	419	2516
0	419	23338
1	419	2588
1	419	24005
2	419	2542
2	419	34943
3	419	2538
3	419	24968
4	419	2592
4	419	27904

0	420	2806
0	420	34250
1	420	2278
1	420	41620
2	420	2467
2	420	59890
3	420	2800
3	420	42587
4	420	2544
4	420	53402

0	421	2406
0	421	37191
1	421	2555
1	421	54355
2	421	2300
2	421	29723
3	421	2336
3	421	48381
4	421	2278
4	421	28540

0	422	2748
0	422	43798
1	422	2199
1	422	50660
2	422	2979
2	422	31141
3	422	2290
3	422	41303
4	422	2818
4	422	34973

0	423	3013
0	423	12357
1	423	3074
1	423	13538
2	423	2984
2	423	16948
3	423	2871
3	423	17875
4	423	3145
4	423	14829

0	424	3109
0	424	14505
1	424	2967
1	424	15882
2	424	3025
2	424	18273
3	424	2929
3	424	22545
4	424	3155
4	424	16056

0	425	2835
0	425	41786
1	425	2397
1	425	55520
2	425	2806
2	425	43762
3	425	2554
3	425	39595
4	425	2520
4	425	45122

0	426	2700
0	426	40930
1	426	2186
1	426	53370
2	426	2685
2	426	45048
3	426	2766
3	426	39921
4	426	2539
4	426	40144

0	427	2496
0	427	33839
1	427	2759
1	427	43081
2	427	2194
2	427	39084
3	427	2410
3	427	44354
4	427	2282
4	427	40377

0	428	1330
0	428	118640
1	428	973
1	428	155133
2	428	1211
2	428	119250
3	428	1043
3	428	141049
4	428	1003
4	428	145630

0	429	3107
0	429	15544
1	429	3011
1	429	15427
2	429	3073
2	429	15037
3	429	3078
3	429	16891
4	429	3040
4	429	11205

0	430	2747
0	430	25057
1	430	2657
1	430	26666
2	430	2779
2	430	29547
3	430	2420
3	430	45448
4	430	2834
4	430	28858

0	431	2644
0	431	27888
1	431	2960
1	431	28516
2	431	2960
2	431	26924
3	431	2690
3	431	40866
4	431	2715
4	431	35435

0	432	2968
0	432	22087
1	432	2389
1	432	29944
2	432	2701
2	432	25565
3	432	2570
3	432	26449
4	432	2645
4	432	22896

0	433	2890
0	433	37329
1	433	2134
1	433	50229
2	433	2258
2	433	68466
3	433	2770
3	433	41789
4	433	2475
4	433	61020

0	434	1342
0	434	96828
1	434	1004
1	434	126989
2	434	1280
2	434	113360
3	434	1889
3	434	92596
4	434	1121
4	434	127763

0	435	3161
0	435	20294
1	435	3054
1	435	25047
2	435	3148
2	435	16056
3	435	3004
3	435	29111
4	435	3208
4	435	25709

0	436	3133
0	436	18886
1	436	3158
1	436	15769
2	436	3177
2	436	13792
3	436	3105
3	436	15129
4	436	3124
4	436	21745

0	437	3015
0	437	22444
1	437	2489
1	437	30882
2	437	2624
2	437	26346
3	437	2401
3	437	25742
4	437	2478
4	437	26365

0	438	2503
0	438	38420
1	438	2367
1	438	43397
2	438	2254
2	438	40035
3	438	2652
3	438	40737
4	438	2486
4	438	46745

0	439	2544
0	439	28696
1	439	2480
1	439	32115
2	439	2768
2	439	29438
3	439	2879
3	439	36765
4	439	2234
4	439	32935

0	440	3047
0	440	16939
1	440	3051
1	440	13493
2	440	3174
2	440	19801
3	440	2923
3	440	19135
4	440	3094
4	440	13107

0	441	1461
0	441	101161
1	441	1035
1	441	137660
2	441	1051
2	441	133068
3	441	978
3	441	123751
4	441	969
4	441	149740

0	442	1244
0	442	92009
1	442	1201
1	442	113684
2	442	1175
2	442	116282
3	442	1716
3	442	91318
4	442	1121
4	442	126021

0	443	2761
0	443	16537
1	443	2341
1	443	25114
2	443	2528
2	443	19931
3	443	2872
3	443	19862
4	443	2637
4	443	17252

0	444	205
0	444	134773
1	444	329
1	444	138755
2	444	394
2	444	122103
3	444	328
3	444	125859
4	444	243
4	444	145783

0	445	2911
0	445	28452
1	445	1949
1	445	53067
2	445	2888
2	445	29856
3	445	2616
3	445	39630
4	445	2555
4	445	33171

0	446	2143
0	446	48050
1	446	2066
1	446	59278
2	446	1937
2	446	74204
3	446	2425
3	446	53592
4	446	2519
4	446	51629

0	447	2531
0	447	30123
1	447	2225
1	447	36420
2	447	2768
2	447	26558
3	447	2365
3	447	44776
4	447	2816
4	447	37126

0	448	2891
0	448	30193
1	448	2199
1	448	37065
2	448	2145
2	448	44990
3	448	2331
3	448	39428
4	448	2343
4	448	38171

0	449	2375
0	449	41413
1	449	2031
1	449	49567
2	449	2778
2	449	27818
3	449	2530
3	449	48197
4	449	2537
4	449	33704

0	450	3134
0	450	28734
1	450	2917
1	450	26256
2	450	3137
2	450	28527
3	450	3182
3	450	35633
4	450	3082
4	450	21833

0	451	460
0	451	107795
1	451	456
1	451	111104
2	451	484
2	451	105582
3	451	437
3	451	121502
4	451	456
4	451	106395

0	452	3047
0	452	28495
1	452	3109
1	452	31654
2	452	3168
2	452	29400
3	452	3063
3	452	23875
4	452	2872
4	452	35078

0	453	3015
0	453	15633
1	453	3041
1	453	15849
2	453	3028
2	453	13535
3	453	2909
3	453	15271
4	453	3066
4	453	16682

0	454	3147
0	454	19810
1	454	3116
1	454	17093
2	454	2865
2	454	43070
3	454	3041
3	454	26332
4	454	3033
4	454	19129

0	455	2445
0	455	20379
1	455	2523
1	455	22066
2	455	2830
2	455	22084
3	455	2709
3	455	26896
4	455	2565
4	455	24201

0	456	3094
0	456	16548
1	456	2994
1	456	19315
2	456	2810
2	456	28548
3	456	3106
3	456	17205
4	456	3078
4	456	18406

0	457	3149
0	457	22729
1	457	3034
1	457	19806
2	457	3254
2	457	21987
3	457	3032
3	457	33496
4	457	3097
4	457	16449

0	458	1283
0	458	113027
1	458	1019
1	458	137331
2	458	1092
2	458	121258
3	458	1570
3	458	97085
4	458	953
4	458	128866

0	459	1419
0	459	106914
1	459	1001
1	459	122520
2	459	1019
2	459	131427
3	459	1010
3	459	116167
4	459	1303
4	459	105798

0	460	3092
0	460	14884
1	460	3110
1	460	19100
2	460	3122
2	460	15678
3	460	3040
3	460	21496
4	460	3187
4	460	15235

0	461	3043
0	461	17886
1	461	3089
1	461	16277
2	461	3072
2	461	17393
3	461	3007
3	461	23535
4	461	3139
4	461	15652

0	462	3136
0	462	22067
1	462	3121
1	462	20835
2	462	3099
2	462	22014
3	462	2937
3	462	25581
4	462	3192
4	462	21678

0	463	3238
0	463	31033
1	463	3076
1	463	27729
2	463	3121
2	463	20439
3	463	2989
3	463	32566
4	463	3019
4	463	34721

0	464	480
0	464	103668
1	464	436
1	464	107882
2	464	461
2	464	110562
3	464	452
3	464	108931
4	464	466
4	464	111670

0	465	2406
0	465	54702
1	465	1660
1	465	71580
2	465	2173
2	465	44589
3	465	2167
3	465	73794
4	465	2012
4	465	65896

0	466	472
0	466	111211
1	466	443
1	466	112435
2	466	478
2	466	110484
3	466	472
3	466	108887
4	466	483
4	466	115942

0	467	2444
0	467	26538
1	467	2832
1	467	19504
2	467	2976
2	467	19561
3	467	2769
3	467	21148
4	467	2309
4	467	25485

0	468	3102
0	468	16368
1	468	3101
1	468	19058
2	468	2859
2	468	30481
3	468	3003
3	468	20682
4	468	3084
4	468	18171

0	469	3023
0	469	15137
1	469	3071
1	469	14806
2	469	2872
2	469	27283
3	469	3048
3	469	13919
4	469	3140
4	469	16011

0	470	3041
0	470	26743
1	470	3004
1	470	26024
2	470	2940
2	470	33089
3	470	3107
3	470	25877
4	470	3080
4	470	23603

0	471	2777
0	471	44294
1	471	3072
1	471	20489
2	471	2913
2	471	28509
3	471	2945
3	471	16690
4	471	3065
4	471	15890

0	472	3096
0	472	27155
1	472	2967
1	472	21410
2	472	3043
2	472	22626
3	472	2983
3	472	21026
4	472	3089
4	472	22188

0	473	2907
0	473	21081
1	473	2185
1	473	26632
2	473	2390
2	473	23972
3	473	2881
3	473	19395
4	473	2481
4	473	23646

0	474	3007
0	474	29219
1	474	2706
1	474	28334
2	474	2666
2	474	26566
3	474	2933
3	474	33375
4	474	2644
4	474	29730

0	475	2864
0	475	33725
1	475	2275
1	475	41255
2	475	2204
2	475	48035
3	475	1990
3	475	41637
4	475	2022
4	475	52460

0	476	3034
0	476	23317
1	476	2961
1	476	21742
2	476	3100
2	476	20468
3	476	3083
3	476	19848
4	476	3054
4	476	16876

0	477	3225
0	477	18719
1	477	3083
1	477	19365
2	477	3048
2	477	26457
3	477	2907
3	477	23065
4	477	3138
4	477	20031

0	478	310
0	478	137449
1	478	391
1	478	119644
2	478	331
2	478	130001
3	478	398
3	478	122387
4	478	413
4	478	118681

0	479	3073
0	479	19332
1	479	2983
1	479	22142
2	479	2943
2	479	27837
3	479	3104
3	479	20766
4	479	3149
4	479	17116

0	480	3121
0	480	22017
1	480	3052
1	480	24343
2	480	3031
2	480	23636
3	480	2738
3	480	42151
4	480	3007
4	480	20509

0	481	3169
0	481	16973
1	481	3194
1	481	18651
2	481	2988
2	481	24707
3	481	2910
3	481	19339
4	481	3095
4	481	18160

0	482	2678
0	482	27727
1	482	2691
1	482	26443
2	482	2906
2	482	22766
3	482	2968
3	482	22048
4	482	2663
4	482	24515

0	483	438
0	483	116294
1	483	333
1	483	133468
2	483	374
2	483	128379
3	483	416
3	483	123351
4	483	358
4	483	128398

0	484	3097
0	484	28260
1	484	2959
1	484	41030
2	484	3062
2	484	22763
3	484	3037
3	484	27966
4	484	2995
4	484	30418

0	485	2111
0	485	56493
1	485	1994
1	485	58535
2	485	2529
2	485	50412
3	485	2480
3	485	56585
4	485	2042
4	485	92454

0	486	388
0	486	125471
1	486	454
1	486	118946
2	486	451
2	486	114178
3	486	415
3	486	107059
4	486	469
4	486	114426

0	487	2591
0	487	19787
1	487	2859
1	487	24251
2	487	2361
2	487	49962
3	487	2686
3	487	40097
4	487	2919
4	487	26851

0	488	2312
0	488	46531
1	488	2266
1	488	54839
2	488	2402
2	488	76367
3	488	2360
3	488	60749
4	488	2727
4	488	42798

0	489	2658
0	489	41723
1	489	1871
1	489	67002
2	489	2335
2	489	54753
3	489	2190
3	489	51826
4	489	2430
4	489	62408

0	490	2585
0	490	37156
1	490	2686
1	490	21391
2	490	2243
2	490	23434
3	490	2077
3	490	45201
4	490	2942
4	490	23823

0	491	3071
0	491	31306
1	491	2931
1	491	32032
2	491	2964
2	491	30933
3	491	2934
3	491	35837
4	491	3053
4	491	46942

0	492	2215
0	492	38049
1	492	2785
1	492	39342
2	492	2730
2	492	37295
3	492	1935
3	492	67615
4	492	2243
4	492	49381

0	493	1392
0	493	94231
1	493	1181
1	493	101795
2	493	889
2	493	122840
3	493	1383
3	493	97197
4	493	1116
4	493	121962

0	494	3169
0	494	25017
1	494	3030
1	494	21738
2	494	3036
2	494	19305
3	494	2970
3	494	28068
4	494	3060
4	494	18028

0	495	2601
0	495	31152
1	495	2572
1	495	28459
2	495	2860
2	495	29555
3	495	2785
3	495	30730
4	495	2678
4	495	28686

0	496	2604
0	496	34108
1	496	2082
1	496	62843
2	496	2446
2	496	32706
3	496	2646
3	496	46510
4	496	2811
4	496	34031

0	497	1389
0	497	118139
1	497	1064
1	497	154750
2	497	2064
2	497	78111
3	497	999
3	497	164812
4	497	1065
4	497	161401

0	498	3007
0	498	26571
1	498	2853
1	498	29205
2	498	2434
2	498	29041
3	498	2602
3	498	42177
4	498	2620
4	498	27646

0	499	461
0	499	109369
1	499	334
1	499	126029
2	499	450
2	499	112036
3	499	375
3	499	122814
4	499	457
4	499	111672

0	500	2246
0	500	27553
1	500	2831
1	500	30040
2	500	2437
2	500	30207
3	500	2431
3	500	39195
4	500	2805
4	500	33200

0	501	2136
0	501	53543
1	501	1949
1	501	59118
2	501	1929
2	501	52201
3	501	2154
3	501	57952
4	501	1573
4	501	80779

0	502	2446
0	502	34046
1	502	2213
1	502	47505
2	502	2457
2	502	27486
3	502	2758
3	502	31335
4	502	2877
4	502	26077

0	503	2268
0	503	46397
1	503	2492
1	503	55833
2	503	2385
2	503	76781
3	503	2642
3	503	42593
4	503	2756
4	503	40589

0	504	3025
0	504	24746
1	504	2880
1	504	21204
2	504	3153
2	504	18315
3	504	2911
3	504	22557
4	504	3128
4	504	15816

0	505	3045
0	505	33381
1	505	3018
1	505	24842
2	505	2840
2	505	42786
3	505	2861
3	505	38284
4	505	2746
4	505	62803

0	506	2967
0	506	28721
1	506	2986
1	506	32116
2	506	3071
2	506	17665
3	506	2850
3	506	22289
4	506	3098
4	506	20458

0	507	2940
0	507	28040
1	507	2978
1	507	23370
2	507	3002
2	507	20941
3	507	2823
3	507	21732
4	507	2922
4	507	20874

0	508	1348
0	508	110865
1	508	1089
1	508	139574
2	508	1140
2	508	133315
3	508	1136
3	508	130561
4	508	1104
4	508	148242

0	509	2428
0	509	54133
1	509	2302
1	509	61829
2	509	2354
2	509	72433
3	509	2628
3	509	51868
4	509	2663
4	509	44701

0	510	2228
0	510	35623
1	510	2832
1	510	27687
2	510	2663
2	510	37712
3	510	2510
3	510	45202
4	510	2368
4	510	42259

0	511	1988
0	511	72397
1	511	2177
1	511	50258
2	511	2750
2	511	34131
3	511	2180
3	511	57897
4	511	2185
4	511	40773

0	512	994
0	512	116471
1	512	1302
1	512	91756
2	512	1196
2	512	117663
3	512	947
3	512	112574
4	512	1129
4	512	116052

0	513	2580
0	513	41062
1	513	2490
1	513	46675
2	513	2297
2	513	59289
3	513	2574
3	513	60445
4	513	2489
4	513	40520

0	514	3119
0	514	27729
1	514	3068
1	514	25453
2	514	3067
2	514	22497
3	514	2960
3	514	28629
4	514	3089
4	514	25227

0	515	2661
0	515	44923
1	515	2812
1	515	43931
2	515	2656
2	515	42926
3	515	2525
3	515	54261
4	515	2861
4	515	40160

0	516	274
0	516	136236
1	516	366
1	516	112344
2	516	406
2	516	125064
3	516	350
3	516	124596
4	516	324
4	516	139176

0	517	171
0	517	149139
1	517	453
1	517	99721
2	517	354
2	517	132275
3	517	153
3	517	142611
4	517	327
4	517	129942

0	518	2515
0	518	57664
1	518	2632
1	518	52441
2	518	2253
2	518	48931
3	518	2302
3	518	81952
4	518	2329
4	518	90663

0	519	2578
0	519	21470
1	519	2645
1	519	21331
2	519	2650
2	519	23449
3	519	2589
3	519	19379
4	519	2636
4	519	25706

0	520	477
0	520	106195
1	520	448
1	520	111292
2	520	457
2	520	119920
3	520	449
3	520	113850
4	520	429
4	520	116820

0	521	2591
0	521	57278
1	521	2152
1	521	55779
2	521	2121
2	521	93670
3	521	2234
3	521	70052
4	521	2495
4	521	71810

0	522	2597
0	522	24357
1	522	2359
1	522	28268
2	522	2342
2	522	39620
3	522	3036
3	522	20062
4	522	2484
4	522	27248

0	523	2875
0	523	33423
1	523	2417
1	523	56910
2	523	2589
2	523	37197
3	523	2064
3	523	62594
4	523	2123
4	523	47002

0	524	2886
0	524	22817
1	524	2433
1	524	48485
2	524	2616
2	524	41948
3	524	2557
3	524	28938
4	524	2520
4	524	22490

0	525	2616
0	525	30266
1	525	2939
1	525	29919
2	525	3065
2	525	22891
3	525	2873
3	525	30416
4	525	2965
4	525	26550

0	526	0
0	526	160309
1	526	0
1	526	166460
2	526	0
2	526	159505
3	526	0
3	526	161665
4	526	0
4	526	158125

0	527	1827
0	527	83667
1	527	1150
1	527	113715
2	527	1115
2	527	121526
3	527	1384
3	527	98349
4	527	1093
4	527	140758

0	528	420
0	528	118911
1	528	374
1	528	119722
2	528	446
2	528	112175
3	528	448
3	528	109186
4	528	437
4	528	113507

0	529	473
0	529	113887
1	529	461
1	529	116409
2	529	501
2	529	110716
3	529	422
3	529	113701
4	529	441
4	529	104794

0	530	2659
0	530	32172
1	530	2739
1	530	34595
2	530	2525
2	530	31670
3	530	2513
3	530	37604
4	530	2225
4	530	36506

0	531	453
0	531	110774
1	531	437
1	531	111901
2	531	424
2	531	107735
3	531	416
3	531	110777
4	531	436
4	531	110948

0	532	425
0	532	108083
1	532	441
1	532	106576
2	532	367
2	532	124948
3	532	411
3	532	108466
4	532	420
4	532	107911

0	533	378
0	533	118339
1	533	308
1	533	132219
2	533	361
2	533	126736
3	533	367
3	533	128077
4	533	170
4	533	148983

0	534	2425
0	534	34092
1	534	2905
1	534	27648
2	534	2658
2	534	28939
3	534	2312
3	534	30336
4	534	2945
4	534	24692

0	535	2104
0	535	47775
1	535	1974
1	535	55888
2	535	2719
2	535	40779
3	535	2602
3	535	46379
4	535	2121
4	535	65693

0	536	2999
0	536	26062
1	536	2565
1	536	30770
2	536	2654
2	536	29949
3	536	2446
3	536	40892
4	536	2802
4	536	27654

0	537	2674
0	537	29644
1	537	2420
1	537	33919
2	537	3086
2	537	25906
3	537	2650
3	537	38151
4	537	2884
4	537	28109

0	538	2587
0	538	31322
1	538	2912
1	538	32166
2	538	2815
2	538	27246
3	538	2793
3	538	35992
4	538	2565
4	538	32604

0	539	2351
0	539	56822
1	539	2086
1	539	43425
2	539	2158
2	539	42243
3	539	2485
3	539	46849
4	539	2365
4	539	63921

0	540	470
0	540	110971
1	540	479
1	540	102776
2	540	427
2	540	106332
3	540	473
3	540	109947
4	540	486
4	540	108634

0	541	1341
0	541	99793
1	541	2042
1	541	75417
2	541	1876
2	541	52908
3	541	1794
3	541	83112
4	541	1667
4	541	76798

0	542	2837
0	542	31303
1	542	2313
1	542	35488
2	542	2709
2	542	29704
3	542	2944
3	542	48854
4	542	2980
4	542	28187

0	543	2933
0	543	32161
1	543	2442
1	543	33691
2	543	3020
2	543	24379
3	543	2584
3	543	44497
4	543	2267
4	543	44444

0	544	2274
0	544	76476
1	544	1116
1	544	137696
2	544	1567
2	544	106355
3	544	1603
3	544	114560
4	544	1240
4	544	125532

0	545	2145
0	545	66519
1	545	2129
1	545	68930
2	545	1989
2	545	61350
3	545	2121
3	545	81202
4	545	2384
4	545	58485

0	546	2310
0	546	35706
1	546	2295
1	546	39485
2	546	2932
2	546	32049
3	546	2233
3	546	40223
4	546	2553
4	546	37924

0	547	356
0	547	130997
1	547	438
1	547	105000
2	547	459
2	547	110793
3	547	447
3	547	99675
4	547	354
4	547	129916

0	548	306
0	548	133147
1	548	207
1	548	137661
2	548	206
2	548	142646
3	548	424
3	548	102520
4	548	437
4	548	112577

0	549	2046
0	549	54568
1	549	2727
1	549	45242
2	549	2741
2	549	50314
3	549	1862
3	549	81825
4	549	2128
4	549	69016

0	550	435
0	550	118144
1	550	441
1	550	106577
2	550	433
2	550	115557
3	550	463
3	550	108954
4	550	445
4	550	115439

0	551	986
0	551	101620
1	551	960
1	551	107906
2	551	967
2	551	113231
3	551	1043
3	551	101551
4	551	924
4	551	100809

0	552	2303
0	552	33454
1	552	2493
1	552	36677
2	552	2738
2	552	28325
3	552	2190
3	552	44292
4	552	2707
4	552	38709

0	553	2744
0	553	46447
1	553	2715
1	553	30497
2	553	2860
2	553	26660
3	553	2333
3	553	50271
4	553	2132
4	553	47209

0	554	2221
0	554	61572
1	554	2538
1	554	56259
2	554	2897
2	554	35058
3	554	2213
3	554	48441
4	554	2168
4	554	53481

0	555	2736
0	555	50150
1	555	2173
1	555	47340
2	555	2811
2	555	39578
3	555	2407
3	555	47412
4	555	2201
4	555	54351

0	556	2448
0	556	35501
1	556	2720
1	556	38812
2	556	2073
2	556	64988
3	556	2595
3	556	37914
4	556	2870
4	556	28576

0	557	2173
0	557	93919
1	557	2159
1	557	59010
2	557	2357
2	557	85155
3	557	1987
3	557	90153
4	557	2345
4	557	84322

0	558	469
0	558	105644
1	558	440
1	558	103940
2	558	471
2	558	98076
3	558	454
3	558	119926
4	558	503
4	558	103779

0	559	451
0	559	103623
1	559	457
1	559	101835
2	559	448
2	559	99438
3	559	453
3	559	109281
4	559	456
4	559	106677

0	560	2848
0	560	44340
1	560	2416
1	560	68332
2	560	2197
2	560	45336
3	560	2188
3	560	57625
4	560	2673
4	560	58857

0	561	2605
0	561	33740
1	561	2675
1	561	34650
2	561	2480
2	561	35248
3	561	2485
3	561	52360
4	561	2838
4	561	32848

0	562	225
0	562	135870
1	562	431
1	562	119054
2	562	335
2	562	134729
3	562	212
3	562	136841
4	562	338
4	562	130670

0	563	2556
0	563	49251
1	563	1861
1	563	66012
2	563	2515
2	563	40090
3	563	2160
3	563	59964
4	563	2808
4	563	32478

0	564	962
0	564	108039
1	564	1107
1	564	98626
2	564	974
2	564	124447
3	564	1075
3	564	104124
4	564	975
4	564	98765

0	565	2716
0	565	49606
1	565	2624
1	565	53169
2	565	2043
2	565	49431
3	565	1923
3	565	61841
4	565	2095
4	565	79683

0	566	1851
0	566	83665
1	566	1004
1	566	107640
2	566	1291
2	566	95940
3	566	1050
3	566	112302
4	566	1050
4	566	114897

0	567	2297
0	567	67555
1	567	2629
1	567	44909
2	567	2829
2	567	44536
3	567	2364
3	567	55196
4	567	2517
4	567	55485

0	568	2125
0	568	66330
1	568	2396
1	568	55966
2	568	1747
2	568	61128
3	568	1882
3	568	76668
4	568	2053
4	568	67240

0	569	272
0	569	145621
1	569	793
1	569	147661
2	569	789
2	569	146002
3	569	204
3	569	141245
4	569	102
4	569	147808

0	570	2875
0	570	37016
1	570	2206
1	570	42831
2	570	2437
2	570	57998
3	570	2410
3	570	51795
4	570	2277
4	570	37983

0	571	1300
0	571	98347
1	571	1750
1	571	91323
2	571	1192
2	571	107153
3	571	1171
3	571	103868
4	571	1086
4	571	120494

0	572	1329
0	572	95886
1	572	1255
1	572	110302
2	572	1287
2	572	96989
3	572	1113
3	572	111980
4	572	1032
4	572	118271

0	573	2450
0	573	46821
1	573	2403
1	573	49547
2	573	1564
2	573	92414
3	573	1744
3	573	71051
4	573	2222
4	573	48077

0	574	512
0	574	102625
1	574	469
1	574	109140
2	574	510
2	574	104774
3	574	481
3	574	103600
4	574	425
4	574	105959

0	575	908
0	575	105301
1	575	849
1	575	102230
2	575	916
2	575	106569
3	575	893
3	575	102406
4	575	913
4	575	99083

0	576	495
0	576	109869
1	576	440
1	576	104040
2	576	499
2	576	113332
3	576	351
3	576	129653
4	576	355
4	576	125095

0	577	1251
0	577	116153
1	577	1251
1	577	93666
2	577	1041
2	577	123160
3	577	1221
3	577	116138
4	577	938
4	577	126244

0	578	2615
0	578	45406
1	578	2055
1	578	44933
2	578	2448
2	578	41577
3	578	2335
3	578	63242
4	578	2824
4	578	41729

0	579	957
0	579	93868
1	579	850
1	579	106931
2	579	923
2	579	98605
3	579	867
3	579	96624
4	579	884
4	579	99900

0	580	438
0	580	109246
1	580	442
1	580	105226
2	580	418
2	580	110981
3	580	482
3	580	108075
4	580	473
4	580	105235

0	581	133
0	581	148582
1	581	257
1	581	139250
2	581	331
2	581	138032
3	581	388
3	581	126766
4	581	254
4	581	142413

0	582	1488
0	582	135058
1	582	1138
1	582	156263
2	582	1222
2	582	151683
3	582	1417
3	582	132197
4	582	1039
4	582	163314

0	583	1442
0	583	132325
1	583	1108
1	583	157823
2	583	1305
2	583	144975
3	583	1247
3	583	135977
4	583	1002
4	583	164098

0	584	1514
0	584	132717
1	584	1095
1	584	151676
2	584	1258
2	584	140856
3	584	1297
3	584	136627
4	584	1001
4	584	159591

0	585	1115
0	585	117807
1	585	2328
1	585	85776
2	585	1966
2	585	61896
3	585	1649
3	585	89799
4	585	1988
4	585	93967

0	586	385
0	586	113301
1	586	286
1	586	141936
2	586	440
2	586	118698
3	586	358
3	586	122039
4	586	375
4	586	125362

0	587	473
0	587	115081
1	587	449
1	587	105826
2	587	332
2	587	133842
3	587	494
3	587	119625
4	587	445
4	587	120343

0	588	467
0	588	105212
1	588	435
1	588	108966
2	588	407
2	588	123749
3	588	481
3	588	115449
4	588	419
4	588	123166

0	589	526
0	589	109962
1	589	483
1	589	105912
2	589	410
2	589	102077
3	589	457
3	589	100922
4	589	488
4	589	110645

0	590	473
0	590	113225
1	590	456
1	590	98883
2	590	463
2	590	104052
3	590	445
3	590	101456
4	590	452
4	590	114431

0	591	0
0	591	162047
1	591	0
1	591	158248
2	591	0
2	591	169846
3	591	0
3	591	155768
4	591	0
4	591	169236

0	592	263
0	592	142362
1	592	147
1	592	153294
2	592	259
2	592	146408
3	592	99
3	592	151315
4	592	386
4	592	110926

0	593	474
0	593	102774
1	593	447
1	593	101638
2	593	474
2	593	111388
3	593	451
3	593	106679
4	593	493
4	593	109584

0	594	448
0	594	107924
1	594	485
1	594	98600
2	594	495
2	594	98539
3	594	473
3	594	100836
4	594	492
4	594	101854

0	595	392
0	595	118810
1	595	467
1	595	101763
2	595	497
2	595	112693
3	595	445
3	595	98727
4	595	480
4	595	102793

0	596	473
0	596	112115
1	596	480
1	596	108246
2	596	486
2	596	99222
3	596	464
3	596	102794
4	596	503
4	596	110851

0	597	500
0	597	110473
1	597	456
1	597	113667
2	597	252
2	597	139951
3	597	298
3	597	125904
4	597	429
4	597	112442

0	598	448
0	598	101246
1	598	482
1	598	106824
2	598	495
2	598	112846
3	598	468
3	598	109545
4	598	441
4	598	105689

0	599	487
0	599	114756
1	599	453
1	599	114958
2	599	317
2	599	141487
3	599	410
3	599	126993
4	599	320
4	599	140369

0	600	436
0	600	103569
1	600	460
1	600	103163
2	600	458
2	600	101488
3	600	450
3	600	100785
4	600	458
4	600	109351

0	601	325
0	601	128233
1	601	295
1	601	136179
2	601	197
2	601	147857
3	601	300
3	601	135317
4	601	430
4	601	118464

0	602	182
0	602	140710
1	602	282
1	602	136671
2	602	353
2	602	129669
3	602	169
3	602	150110
4	602	181
4	602	149416

0	603	442
0	603	130101
1	603	414
1	603	128200
2	603	374
2	603	123092
3	603	266
3	603	143339
4	603	348
4	603	129882

0	604	410
0	604	125975
1	604	373
1	604	127564
2	604	315
2	604	144116
3	604	267
3	604	135758
4	604	148
4	604	145112

0	605	400
0	605	106807
1	605	395
1	605	120683
2	605	262
2	605	140005
3	605	388
3	605	129478
4	605	332
4	605	135094

0	606	413
0	606	119475
1	606	350
1	606	126222
2	606	459
2	606	121463
3	606	401
3	606	121066
4	606	403
4	606	108683

