-1.65321251377534 50327
-1.65321251377534 50257
-1.65321251377534 49823
-1.64886956895631 49857
-1.64452662413728 49722
-1.64018367931825 49665
-1.64018367931825 49425
-1.63584073449921 49196
-1.63149778968018 49138
-1.62715484486115 48994
-1.62281190004212 48120
-1.62281190004212 48083
-1.61846895522308 48133
-1.61412601040405 47986
-1.60978306558502 47534
-1.60544012076599 47422
-1.60544012076599 47392
-1.60109717594695 47138
-1.59675423112792 46866
-1.59241128630889 47012
-1.58806834148986 47042
-1.58806834148986 47052
-1.58372539667082 46885
-1.57938245185179 46847
-1.57503950703276 46755
-1.57069656221373 46755
-1.57069656221373 46774
-1.56635361739469 46714
-1.56201067257566 46778
-1.55766772775663 46745
-1.5533247829376 46892
-1.5533247829376 46802
-1.54898183811856 46579
-1.54463889329953 45760
-1.5402959484805 45750
-1.53595300366147 45580
-1.53595300366147 45571
-1.53161005884243 45500
-1.5272671140234 45550
-1.52292416920437 45334
-1.51858122438534 45409
-1.51858122438534 45072
-1.5142382795663 44741
-1.50989533474727 44741
-1.50555238992824 44723
-1.50120944510921 44651
-1.50120944510921 44607
-1.49686650029017 44496
-1.49252355547114 44294
-1.48818061065211 44017
-1.48383766583308 43927
-1.48383766583308 43841
-1.47949472101404 43764
-1.47515177619501 43761
-1.47080883137598 44185
-1.46646588655695 44201
-1.46646588655695 44171
-1.46212294173791 43936
-1.45777999691888 43948
-1.45343705209985 43961
-1.44909410728082 43961
-1.44909410728082 43922
-1.44475116246178 43804
-1.44040821764275 42981
-1.43606527282372 43041
-1.43172232800469 43113
-1.43172232800469 43008
-1.42737938318565 42683
-1.42303643836662 42657
-1.41869349354759 42667
-1.41435054872856 42797
-1.41435054872856 42718
-1.41000760390952 42734
-1.40566465909049 42716
-1.40132171427146 42640
-1.39697876945243 42822
-1.39697876945243 42570
-1.39263582463339 42530
-1.38829287981436 42488
-1.38394993499533 42418
-1.3796069901763 42473
-1.3796069901763 40114
-1.37526404535726 40173
-1.37092110053823 40122
-1.3665781557192 39055
-1.36223521090016 39004
-1.36223521090016 38525
-1.35789226608113 38470
-1.3535493212621 37944
-1.34920637644307 37956
-1.34486343162403 37929
-1.34486343162403 37529
-1.340520486805 37416
-1.33617754198597 37535
-1.33183459716694 37493
-1.3274916523479 37403
-1.3274916523479 37318
-1.32314870752887 37701
-1.31880576270984 37841
-1.31446281789081 37881
-1.31011987307177 37857
-1.31011987307177 37819
-1.30577692825274 37625
-1.30143398343371 37685
-1.29709103861468 37664
-1.29274809379564 37782
-1.29274809379564 37395
-1.28840514897661 37589
-1.28406220415758 37620
-1.27971925933855 37582
-1.27537631451951 37622
-1.27537631451951 37790
-1.27103336970048 36996
-1.26669042488145 37086
-1.26234748006242 37256
-1.25800453524338 37201
-1.25800453524338 37158
-1.25366159042435 37178
-1.24931864560532 37215
-1.24497570078629 37102
-1.24063275596725 37097
-1.24063275596725 37093
-1.23628981114822 37146
-1.23194686632919 37218
-1.22760392151016 37218
-1.22326097669112 37233
-1.22326097669112 37307
-1.21891803187209 36836
-1.21457508705306 36828
-1.21023214223403 36683
-1.20588919741499 36868
-1.20588919741499 36964
-1.20154625259596 37036
-1.19720330777693 37011
-1.1928603629579 37061
-1.18851741813886 36978
-1.18851741813886 36662
-1.18417447331983 36740
-1.1798315285008 36747
-1.17548858368177 36824
-1.17114563886273 36759
-1.17114563886273 36798
-1.1668026940437 36719
-1.16245974922467 36651
-1.15811680440564 36507
-1.1537738595866 35936
-1.1537738595866 36102
-1.14943091476757 36052
-1.14508796994854 35849
-1.14074502512951 35669
-1.13640208031047 35523
-1.13640208031047 35483
-1.13205913549144 35401
-1.12771619067241 35408
-1.12337324585338 35158
-1.11903030103434 35058
-1.11903030103434 35251
-1.11468735621531 35181
-1.11034441139628 35074
-1.10600146657725 34866
-1.10165852175821 34866
-1.10165852175821 34701
-1.09731557693918 34560
-1.09297263212015 34025
-1.08862968730112 33955
-1.08428674248208 34147
-1.08428674248208 34543
-1.07994379766305 34742
-1.07560085284402 34772
-1.07125790802499 34716
-1.06691496320595 34836
-1.06691496320595 34847
-1.06257201838692 34921
-1.05822907356789 35041
-1.05388612874886 34925
-1.04954318392982 34985
-1.04954318392982 35001
-1.04520023911079 35165
-1.04085729429176 35210
-1.03651434947273 35375
-1.03217140465369 35384
-1.03217140465369 35333
-1.02782845983466 35540
-1.02348551501563 35716
-1.0191425701966 35914
-1.01479962537756 35898
-1.01479962537756 35897
-1.01045668055853 35981
-1.0061137357395 35561
-1.00177079092047 35521
-0.997427846101433 35505
-0.997427846101433 35477
-0.993084901282401 35124
-0.988741956463368 35024
-0.984399011644336 35385
-0.980056066825303 35260
-0.980056066825303 35171
-0.975713122006271 35166
-0.971370177187238 35156
-0.967027232368206 35460
-0.962684287549173 35460
-0.962684287549173 35373
-0.958341342730141 35466
-0.953998397911108 35416
-0.949655453092076 35564
-0.945312508273043 35463
-0.945312508273043 35503
-0.940969563454011 35521
-0.936626618634978 35578
-0.932283673815946 36158
-0.927940728996913 35972
-0.927940728996913 36264
-0.923597784177881 36263
-0.919254839358848 36243
-0.914911894539816 36244
-0.910568949720783 35618
-0.910568949720783 35677
-0.906226004901751 35670
-0.901883060082718 35582
-0.897540115263686 35473
-0.893197170444653 35583
-0.893197170444653 35519
-0.88885422562562 35673
-0.884511280806588 35748
-0.880168335987555 35598
-0.875825391168523 35644
-0.875825391168523 35487
-0.87148244634949 33776
-0.867139501530458 33871
-0.862796556711425 33837
-0.858453611892393 33712
-0.858453611892393 33686
-0.85411066707336 33616
-0.849767722254328 33676
-0.845424777435295 32914
-0.841081832616263 32996
-0.841081832616263 32937
-0.83673888779723 32988
-0.832395942978198 33024
-0.828052998159165 32873
-0.823710053340133 32926
-0.823710053340133 33120
-0.8193671085211 33004
-0.815024163702068 33114
-0.810681218883035 33452
-0.806338274064003 33497
-0.806338274064003 33603
-0.80199532924497 33574
-0.797652384425938 33963
-0.793309439606905 34101
-0.788966494787873 34096
-0.788966494787873 34421
-0.78462354996884 34365
-0.780280605149807 34365
-0.775937660330775 34258
-0.771594715511742 34410
-0.771594715511742 34480
-0.76725177069271 34507
-0.762908825873678 34387
-0.758565881054645 34340
-0.754222936235613 34410
-0.754222936235613 34363
-0.74987999141658 34524
-0.745537046597547 34706
-0.741194101778515 34731
-0.736851156959482 34731
-0.736851156959482 34652
-0.73250821214045 34803
-0.728165267321417 34852
-0.723822322502385 34778
-0.719479377683352 34584
-0.719479377683352 34805
-0.71513643286432 34768
-0.710793488045287 34810
-0.706450543226255 35095
-0.702107598407222 35125
-0.702107598407222 35205
-0.69776465358819 35220
-0.693421708769157 35370
-0.689078763950125 35239
-0.684735819131092 35279
-0.684735819131092 35157
-0.68039287431206 35042
-0.676049929493027 35032
-0.671706984673994 35029
-0.667364039854962 34961
-0.667364039854962 34633
-0.663021095035929 35264
-0.658678150216897 35164
-0.654335205397864 35223
-0.649992260578832 35226
-0.649992260578832 35127
-0.6456493157598 35121
-0.641306370940767 35123
-0.636963426121735 35073
-0.632620481302702 34812
-0.632620481302702 34209
-0.628277536483669 34145
-0.623934591664637 34434
-0.619591646845604 34474
-0.615248702026572 34327
-0.615248702026572 34261
-0.610905757207539 34928
-0.606562812388507 34737
-0.602219867569474 34639
-0.597876922750442 34568
-0.597876922750442 34759
-0.593533977931409 34739
-0.589191033112377 35108
-0.584848088293344 35212
-0.580505143474312 35218
-0.580505143474312 35187
-0.576162198655279 35232
-0.571819253836247 34924
-0.567476309017214 35199
-0.563133364198182 35431
-0.563133364198182 35406
-0.558790419379149 35801
-0.554447474560116 35467
-0.550104529741084 35517
-0.545761584922051 35643
-0.545761584922051 35692
-0.541418640103019 35802
-0.537075695283987 35519
-0.532732750464954 35569
-0.528389805645922 35611
-0.528389805645922 35487
-0.524046860826889 35476
-0.519703916007856 35566
-0.515360971188824 35606
-0.511018026369791 36060
-0.511018026369791 36020
-0.506675081550759 35963
-0.502332136731726 36045
-0.497989191912694 36035
-0.493646247093661 36051
-0.493646247093661 35965
-0.489303302274629 35957
-0.484960357455596 34905
-0.480617412636564 34934
-0.476274467817531 34902
-0.476274467817531 34889
-0.471931522998499 34456
-0.467588578179466 34396
-0.463245633360434 34392
-0.458902688541401 34479
-0.458902688541401 34402
-0.454559743722369 34574
-0.450216798903336 34644
-0.445873854084304 34517
-0.441530909265271 34678
-0.441530909265271 34654
-0.437187964446239 34594
-0.432845019627206 34666
-0.428502074808174 34597
-0.424159129989141 34595
-0.424159129989141 34495
-0.419816185170109 34403
-0.415473240351076 34091
-0.411130295532044 34254
-0.406787350713011 34235
-0.406787350713011 34195
-0.402444405893979 34409
-0.398101461074946 34420
-0.393758516255914 34001
-0.389415571436881 33941
-0.389415571436881 33989
-0.385072626617848 33894
-0.380729681798816 33680
-0.376386736979783 33749
-0.372043792160751 33563
-0.372043792160751 33666
-0.367700847341718 32559
-0.363357902522686 32579
-0.359014957703653 32510
-0.354672012884621 32446
-0.354672012884621 32498
-0.350329068065588 32428
-0.345986123246556 32374
-0.341643178427523 32664
-0.337300233608491 32607
-0.337300233608491 32488
-0.332957288789458 32737
-0.328614343970426 32701
-0.324271399151393 33056
-0.319928454332361 33212
-0.319928454332361 33106
-0.315585509513328 33341
-0.311242564694296 32693
-0.306899619875263 32693
-0.302556675056231 32474
-0.302556675056231 32587
-0.298213730237198 32657
-0.293870785418166 32723
-0.289527840599133 32443
-0.285184895780101 32358
-0.285184895780101 32417
-0.280841950961068 32597
-0.276499006142035 32395
-0.272156061323003 32445
-0.26781311650397 32516
-0.26781311650397 32456
-0.263470171684938 32530
-0.259127226865905 32540
-0.254784282046873 32475
-0.25044133722784 32517
-0.25044133722784 33693
-0.246098392408808 33747
-0.241755447589775 33364
-0.237412502770743 33364
-0.23306955795171 33209
-0.23306955795171 33302
-0.228726613132678 33333
-0.224383668313645 33273
-0.220040723494613 33883
-0.21569777867558 33834
-0.21569777867558 33832
-0.211354833856548 33909
-0.207011889037515 33928
-0.202668944218483 34101
-0.19832599939945 34056
-0.19832599939945 33931
-0.193983054580418 33831
-0.189640109761385 33893
-0.185297164942353 33979
-0.18095422012332 33666
-0.18095422012332 33676
-0.176611275304288 33097
-0.172268330485255 33007
-0.167925385666222 32988
-0.16358244084719 32938
-0.16358244084719 33130
-0.159239496028157 33258
-0.154896551209125 33363
-0.150553606390092 33068
-0.14621066157106 33019
-0.14621066157106 33168
-0.141867716752027 33225
-0.137524771932995 33316
-0.133181827113962 33426
-0.12883888229493 33210
-0.12883888229493 33356
-0.124495937475897 33027
-0.120152992656865 33078
-0.115810047837832 33180
-0.1114671030188 33231
-0.1114671030188 33160
-0.107124158199767 33093
-0.102781213380735 33080
-0.0984382685617022 33218
-0.0940953237426697 33108
-0.0940953237426697 33158
-0.0897523789236371 33250
-0.0854094341046047 34408
-0.0810664892855721 34439
-0.0767235444665397 34594
-0.0767235444665397 34704
-0.072380599647507 34517
-0.0680376548284747 34507
-0.063694710009442 34235
-0.0593517651904096 34271
-0.0593517651904096 34341
-0.055008820371377 34331
-0.0506658755523445 34445
-0.046322930733312 34198
-0.0419799859142795 34362
-0.0419799859142795 34371
-0.0376370410952468 34308
-0.0332940962762145 34624
-0.0289511514571818 34562
-0.0246082066381494 34639
-0.0246082066381494 34516
-0.0202652618191168 34523
-0.0159223170000843 34416
-0.0115793721810517 34481
-0.00723642736201932 34338
-0.00723642736201932 33683
-0.00289348254298673 33595
0.00144946227604571 34287
0.00579240709507836 34464
0.0101353519141108 34436
0.0101353519141108 34505
0.0144782967331432 34629
0.0188212415521758 34608
0.0231641863712082 34855
0.0275071311902409 34979
0.0275071311902409 34950
0.0318500760092733 35007
0.0361930208283059 34906
0.0405359656473383 34966
0.044878910466371 35026
0.044878910466371 35146
0.0492218552854034 34787
0.0535648001044359 34833
0.0579077449234684 34886
0.0622506897425011 35024
0.0622506897425011 35628
0.0665936345615335 35604
0.0709365793805661 35796
0.0752795241995985 36027
0.0796224690186311 36064
0.0796224690186311 36030
0.0839654138376635 35963
0.088308358656696 36180
0.0926513034757288 36273
0.0969942482947612 36188
0.0969942482947612 36040
0.101337193113794 35910
0.105680137932826 35470
0.110023082751859 35624
0.114366027570891 35610
0.114366027570891 35495
0.118708972389924 35547
0.123051917208956 35518
0.127394862027989 35509
0.131737806847021 35436
0.131737806847021 35539
0.136080751666054 35613
0.140423696485086 35598
0.144766641304119 35571
0.149109586123151 35585
0.149109586123151 35678
0.153452530942184 35666
0.157795475761216 35676
0.162138420580249 35830
0.166481365399282 35756
0.166481365399282 35747
0.170824310218314 35855
0.175167255037346 35849
0.179510199856379 35309
0.183853144675412 35272
0.183853144675412 35284
0.188196089494444 35207
0.192539034313476 35122
0.196881979132509 34561
0.201224923951542 34871
0.201224923951542 34960
0.205567868770574 35001
0.209910813589607 35082
0.214253758408639 35228
0.218596703227672 35121
0.218596703227672 35111
0.222939648046704 35139
0.227282592865737 35199
0.231625537684769 35188
0.235968482503802 35190
0.235968482503802 35197
0.240311427322834 35492
0.244654372141867 35542
0.248997316960899 35564
0.253340261779932 35517
0.253340261779932 35922
0.257683206598964 35950
0.262026151417997 35910
0.266369096237029 36167
0.270712041056062 36237
0.270712041056062 36435
0.275054985875095 35851
0.279397930694127 35885
0.283740875513159 35817
0.288083820332192 35733
0.288083820332192 35730
0.292426765151225 35753
0.296769709970257 35644
0.301112654789289 35790
0.305455599608322 35823
0.305455599608322 35864
0.309798544427355 35903
0.314141489246387 35853
0.318484434065419 35978
0.322827378884452 36268
0.322827378884452 36247
0.327170323703485 35985
0.331513268522517 36089
0.33585621334155 35810
0.340199158160582 35790
0.340199158160582 35427
0.344542102979615 35461
0.348885047798647 35527
0.35322799261768 35424
0.357570937436712 35578
0.357570937436712 35669
0.361913882255745 35794
0.366256827074777 35783
0.37059977189381 35988
0.374942716712842 36897
0.374942716712842 36877
0.379285661531875 36825
0.383628606350907 36476
0.38797155116994 36421
0.392314495988972 36263
0.392314495988972 36218
0.396657440808005 36278
0.401000385627038 36223
0.40534333044607 36251
0.409686275265102 36070
0.409686275265102 35841
0.414029220084135 35695
0.418372164903168 35618
0.4227151097222 35934
0.427058054541233 35826
0.427058054541233 35574
0.431400999360265 35682
0.435743944179298 35420
0.44008688899833 35325
0.444429833817363 35502
0.444429833817363 35291
0.448772778636395 35227
0.453115723455428 35329
0.45745866827446 35719
0.461801613093493 35203
0.461801613093493 35266
0.466144557912525 35186
0.470487502731557 35077
0.47483044755059 35021
0.479173392369623 34971
0.479173392369623 34954
0.483516337188655 35159
0.487859282007688 35113
0.49220222682672 35268
0.496545171645753 35162
0.496545171645753 35228
0.500888116464785 35139
0.505231061283818 35002
0.50957400610285 34638
0.513916950921883 34724
0.513916950921883 34789
0.518259895740915 34710
0.522602840559948 34641
0.526945785378981 34498
0.531288730198013 34661
0.531288730198013 34716
0.535631675017045 35010
0.539974619836078 35140
0.544317564655111 35302
0.548660509474143 35265
0.548660509474143 35272
0.553003454293176 35228
0.557346399112208 35336
0.561689343931241 35244
0.566032288750273 35254
0.566032288750273 35697
0.570375233569306 35703
0.574718178388338 35837
0.57906112320737 35752
0.583404068026403 35834
0.583404068026403 35350
0.587747012845436 35350
0.592089957664468 35440
0.596432902483501 35353
0.600775847302533 35501
0.600775847302533 35538
0.605118792121566 35593
0.609461736940598 35482
0.613804681759631 35361
0.618147626578664 35313
0.618147626578664 35363
0.622490571397696 35423
0.626833516216728 35098
0.631176461035761 35081
0.635519405854794 35141
0.635519405854794 34924
0.639862350673826 34801
0.644205295492858 34781
0.648548240311891 35015
0.652891185130924 35030
0.652891185130924 34992
0.657234129949956 35143
0.661577074768989 35143
0.665920019588021 34942
0.670262964407054 35074
0.670262964407054 35219
0.674605909226086 35162
0.678948854045119 35207
0.683291798864151 35239
0.687634743683183 35289
0.687634743683183 35335
0.691977688502216 35409
0.696320633321249 35390
0.700663578140281 35331
0.705006522959314 35219
0.705006522959314 35113
0.709349467778346 35170
0.713692412597379 35297
0.718035357416411 35263
0.722378302235444 35302
0.722378302235444 35315
0.726721247054476 35325
0.731064191873509 35205
0.735407136692541 35103
0.739750081511574 35002
0.739750081511574 34439
0.744093026330606 34489
0.748435971149639 34542
0.752778915968671 34660
0.757121860787704 34785
0.757121860787704 34751
0.761464805606737 34738
0.765807750425769 34729
0.770150695244801 34337
0.774493640063834 34330
0.774493640063834 34158
0.778836584882867 34413
0.783179529701899 34406
0.787522474520931 34346
0.791865419339964 34426
0.791865419339964 34482
0.796208364158996 34463
0.800551308978029 34591
0.804894253797062 34628
0.809237198616094 34634
0.809237198616094 34963
0.813580143435126 34994
0.817923088254159 34823
0.822266033073192 34841
0.826608977892224 35004
0.826608977892224 35026
0.830951922711257 34787
0.835294867530289 35710
0.839637812349322 35669
0.843980757168354 35761
0.843980757168354 35621
0.848323701987387 35651
0.852666646806419 35847
0.857009591625452 36135
0.861352536444484 36041
0.861352536444484 35733
0.865695481263517 35773
0.87003842608255 35828
0.874381370901582 35635
0.878724315720614 35663
0.878724315720614 35623
0.883067260539647 35652
0.88741020535868 35384
0.891753150177712 35557
0.896096094996744 35409
0.896096094996744 35483
0.900439039815777 35453
0.904781984634809 35290
0.909124929453842 35343
0.913467874272875 35353
0.913467874272875 35290
0.917810819091907 34984
0.922153763910939 35078
0.926496708729972 35048
0.930839653549005 34930
0.930839653549005 35140
0.935182598368037 35150
0.939525543187069 35116
0.943868488006102 35344
0.948211432825135 35384
0.948211432825135 35348
0.952554377644167 35269
0.9568973224632 35153
0.961240267282232 35200
0.965583212101265 35289
0.965583212101265 35040
0.969926156920297 34670
0.97426910173933 34494
0.978612046558362 34531
0.982954991377395 34510
0.982954991377395 34402
0.987297936196427 34615
0.99164088101546 34735
0.995983825834493 34775
1.00032677065353 34805
1.00032677065353 34795
1.00466971547256 34863
1.00901266029159 34905
1.01335560511062 34846
1.01769854992966 34886
1.01769854992966 34847
1.02204149474869 35064
1.02638443956772 35003
1.03072738438675 35073
1.03507032920579 34927
1.03507032920579 34905
1.03941327402482 34826
1.04375621884385 34766
1.04809916366288 34940
1.05244210848192 35022
1.05244210848192 34999
1.05678505330095 35008
1.06112799811998 35164
1.06547094293901 35123
1.06981388775805 35254
1.06981388775805 35304
1.07415683257708 35534
1.07849977739611 35275
1.08284272221514 35285
1.08718566703418 35690
1.08718566703418 35594
1.09152861185321 35681
1.09587155667224 35749
1.10021450149127 35666
1.10455744631031 35689
1.10455744631031 35651
1.10890039112934 35651
1.11324333594837 35805
1.1175862807674 35892
1.12192922558644 36036
1.12192922558644 36056
1.12627217040547 36502
1.1306151152245 36491
1.13495806004353 36443
1.13930100486257 36452
1.13930100486257 36502
1.1436439496816 36201
1.14798689450063 35839
1.15232983931966 35829
1.1566727841387 35882
1.1566727841387 35926
1.16101572895773 35900
1.16535867377676 35995
1.16970161859579 35404
1.17404456341483 35425
1.17404456341483 35484
1.17838750823386 35561
1.18273045305289 35573
1.18707339787192 35567
1.19141634269096 35365
1.19141634269096 35318
1.19575928750999 35170
1.20010223232902 35176
1.20444517714805 35512
1.20878812196709 35542
1.20878812196709 35430
1.21313106678612 35472
1.21747401160515 35868
1.22181695642418 35736
1.22615990124322 35624
1.22615990124322 35638
1.23050284606225 35353
1.23484579088128 35333
1.23918873570031 34991
1.24353168051935 34910
1.24353168051935 34919
1.24787462533838 34848
1.25221757015741 34948
1.25656051497644 34858
1.26090345979548 34870
1.26090345979548 34868
1.26524640461451 35104
1.26958934943354 34966
1.27393229425257 35053
1.27827523907161 35053
1.27827523907161 35004
1.28261818389064 35228
1.28696112870967 34970
1.2913040735287 34920
1.29564701834774 34440
1.29564701834774 34326
1.29998996316677 33722
1.3043329079858 33887
1.30867585280483 34006
1.31301879762387 33757
1.31301879762387 33738
1.3173617424429 33665
1.32170468726193 33767
1.32604763208096 34037
1.3303905769 33944
1.3303905769 34009
1.33473352171903 34069
1.33907646653806 34219
1.34341941135709 34170
1.34776235617613 34200
1.34776235617613 34258
1.35210530099516 34238
1.35644824581419 34700
1.36079119063322 34113
1.36513413545226 34046
1.36513413545226 34007
1.36947708027129 33908
1.37382002509032 33776
1.37816296990935 33636
1.38250591472839 33823
1.38250591472839 33727
1.38684885954742 33735
1.39119180436645 33732
1.39553474918548 33732
1.39987769400452 33698
1.39987769400452 34073
1.40422063882355 33971
1.40856358364258 33912
1.41290652846161 33360
1.41724947328065 33471
1.41724947328065 33545
1.42159241809968 33359
1.42593536291871 33681
1.43027830773774 33646
1.43462125255678 32582
1.43462125255678 32663
1.43896419737581 32675
1.44330714219484 32735
1.44765008701387 32681
1.45199303183291 32671
1.45199303183291 32584
1.45633597665194 32589
1.46067892147097 32671
1.46502186629 33275
1.46936481110904 33380
1.46936481110904 33399
1.47370775592807 33498
1.4780507007471 33403
1.48239364556613 33280
1.48673659038517 33076
1.48673659038517 33176
1.4910795352042 33179
1.49542248002323 33198
1.49976542484226 33171
1.5041083696613 33151
1.5041083696613 33265
1.50845131448033 33207
1.51279425929936 33106
1.51713720411839 33010
1.52148014893743 32814
1.52148014893743 32921
1.52582309375646 32977
1.53016603857549 33007
1.53450898339452 33111
1.53885192821356 33022
1.53885192821356 33072
1.54319487303259 33125
1.54753781785162 32927
1.55188076267065 32812
1.55622370748969 32899
1.55622370748969 32779
1.56056665230872 32749
1.56490959712775 32793
1.56925254194678 32847
1.57359548676582 32897
1.57359548676582 33042
1.57793843158485 33010
1.58228137640388 33059
1.58662432122291 33049
1.59096726604195 33028
1.59096726604195 33079
1.59531021086098 33030
1.59965315568001 33056
1.60399610049904 32986
1.60833904531808 32996
1.60833904531808 32898
1.61268199013711 32886
1.61702493495614 32886
1.62136787977517 32752
1.62571082459421 32645
1.62571082459421 32688
1.63005376941324 32678
1.63439671423227 32771
1.63873965905131 32503
1.64308260387034 32713
1.64308260387034 32657
1.64742554868937 32573
1.6517684935084 33236
1.65611143832744 33314
1.66045438314647 33354
1.66045438314647 33337
1.6647973279655 33600
1.66914027278453 33714
1.67348321760357 33704
1.6778261624226 33695
1.6778261624226 33685
1.68216910724163 33373
1.68651205206066 33502
1.6908549968797 33602
1.69519794169873 33576
1.69519794169873 33351
1.69954088651776 33611
1.70388383133679 33611
1.70822677615583 33597
1.71256972097486 33645
1.71256972097486 33415
1.71691266579389 33395
1.72125561061292 33327
1.72559855543196 33206
1.72994150025099 32940
1.72994150025099 32936
1.73428444507002 33128
1.73862738988905 33325
1.74297033470809 33214
1.74731327952712 33409
1.74731327952712 33369
1.75165622434615 33209
1.75599916916518 33187
1.76034211398422 33122
1.76468505880325 33122
1.76468505880325 33248
1.76902800362228 33405
1.77337094844131 33468
1.77771389326035 33557
1.78205683807938 33510
1.78205683807938 33505
1.78639978289841 33382
1.79074272771744 33353
1.79508567253648 33193
1.79942861735551 33064
1.79942861735551 32855
1.80377156217454 32945
1.80811450699357 33261
1.81245745181261 33222
1.81680039663164 33167
1.81680039663164 33027
1.82114334145067 33047
1.8254862862697 33014
1.82982923108874 32952
1.83417217590777 32883
1.83417217590777 32794
1.8385151207268 32558
1.84285806554583 32503
1.84720101036487 32474
1.8515439551839 32538
1.8515439551839 32765
1.85588690000293 32777
1.86022984482196 32791
1.864572789641 32652
1.86891573446003 32602
1.86891573446003 32632
1.87325867927906 32614
1.87760162409809 32569
1.88194456891713 32553
1.88628751373616 32513
1.88628751373616 32524
1.89063045855519 32450
1.89497340337422 32514
1.89931634819326 32856
1.90365929301229 32811
1.90365929301229 32839
1.90800223783132 32801
1.91234518265035 32803
1.91668812746939 32863
1.92103107228842 32853
1.92103107228842 32796
1.92537401710745 32755
1.92971696192648 32644
1.93405990674552 32784
1.93840285156455 32567
1.93840285156455 32572
1.94274579638358 32588
1.94708874120261 32628
1.95143168602165 32452
1.95577463084068 32456
1.95577463084068 32396
1.96011757565971 32556
1.96446052047874 32348
1.96880346529778 32362
1.97314641011681 32537
1.97314641011681 32447
1.97748935493584 32438
1.98183229975487 32429
1.98617524457391 32184
1.99051818939294 32164
1.99051818939294 32138
1.99486113421197 32226
1.999204079031 32226
2.00354702385004 32176
2.00788996866907 32116
2.00788996866907 32086
2.0122329134881 32274
2.01657585830713 32369
2.02091880312617 32419
2.0252617479452 32322
2.0252617479452 32461
2.02960469276423 32423
2.03394763758326 32473
2.0382905824023 32402
2.04263352722133 32339
2.04263352722133 32038
2.04697647204036 32038
2.05131941685939 31998
2.05566236167843 31860
2.06000530649746 31871
2.06000530649746 31820
2.06434825131649 31780
2.06869119613552 31531
2.07303414095456 31503
2.07737708577359 31558
2.07737708577359 31510
2.08172003059262 31364
2.08606297541165 31345
2.09040592023069 31316
2.09474886504972 31286
2.09474886504972 31261
2.09909180986875 31224
2.10343475468778 31165
2.10777769950682 31187
2.11212064432585 31111
2.11212064432585 31011
2.11646358914488 30986
2.12080653396391 30939
2.12514947878295 31046
2.12949242360198 30474
2.12949242360198 30337
2.13383536842101 30347
2.13817831324004 30217
2.14252125805908 30093
2.14686420287811 30252
2.14686420287811 30266
2.15120714769714 30256
2.15555009251617 30021
2.15989303733521 30186
2.16423598215424 30135
2.16423598215424 30035
2.16857892697327 30017
2.17292187179231 29947
2.17726481661134 29907
2.18160776143037 29817
2.18160776143037 29807
2.1859507062494 29917
2.19029365106843 29805
2.19463659588747 29829
2.1989795407065 29949
2.1989795407065 29725
2.20332248552553 29308
2.20766543034457 29265
2.2120083751636 29285
2.21635131998263 29693
2.21635131998263 29553
2.22069426480166 29604
2.2250372096207 29584
2.22938015443973 29684
2.23372309925876 29731
2.23372309925876 29911
2.23806604407779 29820
2.24240898889683 29690
2.24675193371586 29734
2.25109487853489 29790
2.25109487853489 29790
2.25543782335392 29846
2.25978076817296 29866
2.26412371299199 29741
2.26846665781102 29742
2.26846665781102 29842
2.27280960263005 29739
2.27715254744909 29625
2.28149549226812 29545
2.28583843708715 29483
2.28583843708715 29543
2.29018138190618 29531
2.29452432672522 29333
2.29886727154425 29593
2.30321021636328 29616
2.30321021636328 29546
2.30755316118231 29533
2.31189610600135 29643
2.31623905082038 29583
2.32058199563941 29584
2.32058199563941 29628
2.32492494045844 29522
2.32926788527748 29520
2.33361083009651 29494
2.33795377491554 29168
2.33795377491554 29104
2.34229671973457 29137
2.34663966455361 29200
2.35098260937264 29204
2.35532555419167 29483
2.35532555419167 29535
2.3596684990107 29565
2.36401144382974 29585
2.36835438864877 29430
2.3726973334678 29388
2.3726973334678 29437
2.37704027828683 29407
2.38138322310587 29419
2.3857261679249 29447
2.39006911274393 29513
2.39006911274393 29398
2.39441205756296 29366
2.398755002382 29438
2.40309794720103 29438
2.40744089202006 29438
2.40744089202006 29503
2.41178383683909 29724
2.41612678165813 29685
2.42046972647716 29745
2.42481267129619 29626
2.42481267129619 29685
2.42915561611522 29720
2.43349856093426 29760
2.43784150575329 29610
2.44218445057232 29961
2.44218445057232 29786
2.44652739539135 29767
2.45087034021039 29717
2.45521328502942 29673
2.45955622984845 29727
2.45955622984845 29612
2.46389917466748 29602
2.46824211948652 29676
2.47258506430555 29722
2.47692800912458 29725
2.47692800912458 29728
2.48127095394361 29632
2.48561389876265 29593
2.48995684358168 29546
2.49429978840071 29556
2.49429978840071 29546
2.49864273321974 29438
2.50298567803878 29438
2.50732862285781 29438
2.51167156767684 29448
2.51167156767684 29479
2.51601451249587 29448
2.52035745731491 29393
2.52470040213394 29483
2.52904334695297 29356
2.52904334695297 29329
2.533386291772 29365
2.53772923659104 29197
2.54207218141007 29121
2.5464151262291 29050
2.5464151262291 29010
2.55075807104813 28934
2.55510101586717 28978
2.5594439606862 28922
2.56378690550523 28972
2.56378690550523 28904
2.56812985032426 28754
2.5724727951433 28435
2.57681573996233 28455
2.58115868478136 28405
2.58115868478136 28262
2.58550162960039 28357
2.58984457441943 28333
2.59418751923846 28247
2.59853046405749 28211
2.59853046405749 28221
2.60287340887652 28196
2.60721635369556 28123
2.61155929851459 28153
2.61590224333362 28082
2.61590224333362 28045
2.62024518815265 27959
2.62458813297169 28091
2.62893107779072 27988
2.63327402260975 28098
2.63327402260975 28062
2.63761696742878 28031
2.64195991224782 28031
2.64630285706685 27992
2.65064580188588 27999
2.65064580188588 27955
2.65498874670491 27955
2.65933169152395 27936
2.66367463634298 27906
2.66801758116201 27930
2.66801758116201 27930
2.67236052598104 27901
2.67670347080008 27847
2.68104641561911 27886
2.68538936043814 27872
2.68538936043814 27842
2.68973230525717 27785
2.69407525007621 27792
2.69841819489524 27825
2.70276113971427 27727
2.70276113971427 27727
2.70710408453331 27685
2.71144702935234 27475
2.71578997417137 27379
2.7201329189904 27357
2.7201329189904 27352
2.72447586380943 27376
2.72881880862847 27386
2.7331617534475 27291
2.73750469826653 27040
2.73750469826653 26662
2.74184764308557 26603
2.7461905879046 26553
2.75053353272363 26446
2.75487647754266 26443
2.75487647754266 26443
2.75921942236169 26520
2.76356236718073 26505
2.76790531199976 26521
2.77224825681879 26535
2.77224825681879 26544
2.77659120163783 26525
2.78093414645686 26464
2.78527709127589 26452
2.78962003609492 26402
2.78962003609492 26335
2.79396298091396 26345
2.79830592573299 26126
2.80264887055202 26076
2.80699181537105 25994
2.80699181537105 26010
2.81133476019008 26001
2.81567770500912 25033
2.82002064982815 24973
2.82436359464718 24949
2.82436359464718 24996
2.82870653946622 24917
2.83304948428525 24917
2.83739242910428 24937
2.84173537392331 24965
2.84173537392331 24975
2.84607831874234 24936
2.85042126356138 24961
2.85476420838041 24885
2.85910715319944 24857
2.85910715319944 24875
2.86345009801848 24911
2.86779304283751 24958
2.87213598765654 24893
2.87647893247557 24913
2.87647893247557 24923
2.88082187729461 24882
2.88516482211364 24860
2.88950776693267 24870
2.8938507117517 24767
2.8938507117517 24749
2.89819365657074 24604
2.90253660138977 24604
2.9068795462088 24674
2.91122249102783 24674
2.91122249102783 24682
2.91556543584687 24685
2.9199083806659 24685
2.92425132548493 24571
2.92859427030396 24501
2.92859427030396 24441
2.932937215123 24361
2.93728015994203 24322
2.94162310476106 24314
2.94596604958009 24381
2.94596604958009 24391
2.95030899439913 24224
2.95465193921816 24224
2.95899488403719 24248
2.96333782885622 24288
2.96333782885622 24197
2.96768077367526 24112
2.97202371849429 24099
2.97636666331332 24149
2.98070960813235 24104
2.98070960813235 24069
2.98505255295139 23977
2.98939549777042 23949
2.99373844258945 23939
2.99808138740848 23939
2.99808138740848 23939
3.00242433222752 23927
3.00676727704655 23906
3.01111022186558 23875
3.01545316668461 23834
3.01545316668461 23804
3.01979611150365 23777
3.02413905632268 23745
3.02848200114171 23822
3.03282494596074 23843
3.03282494596074 23843
3.03716789077978 23843
3.04151083559881 23896
3.04585378041784 22816
3.05019672523687 22806
3.05019672523687 22700
3.05453967005591 22697
3.05888261487494 22708
3.06322555969397 22708
3.067568504513 22651
3.067568504513 22634
3.07191144933204 22548
3.07625439415107 22447
3.0805973389701 22397
3.08494028378913 22349
3.08494028378913 22377
3.08928322860817 22367
3.0936261734272 22327
3.09796911824623 22240
3.10231206306526 22246
3.10231206306526 22235
3.1066550078843 22235
3.11099795270333 22235
3.11534089752236 22081
3.11968384234139 22060
3.11968384234139 22016
3.12402678716043 22016
3.12836973197946 22002
3.13271267679849 21997
3.13705562161752 21974
3.13705562161752 21971
3.14139856643656 21891
3.14574151125559 21889
3.15008445607462 21889
3.15442740089365 21894
3.15442740089365 21875
3.15877034571269 21872
3.16311329053172 21872
3.16745623535075 21812
3.17179918016978 21578
3.17179918016978 21515
3.17614212498882 21515
3.18048506980785 21515
3.18482801462688 21464
3.18917095944591 21453
3.18917095944591 21453
3.19351390426495 21412
3.19785684908398 21356
3.20219979390301 21366
3.20654273872204 21252
3.20654273872204 21282
3.21088568354108 21252
3.21522862836011 21168
3.21957157317914 21154
3.22391451799817 21154
3.22391451799817 21144
3.22825746281721 21130
3.23260040763624 21140
3.23694335245527 21140
3.2412862972743 21130
3.2412862972743 21144
3.24562924209334 21151
3.24997218691237 21151
3.2543151317314 21121
3.25865807655043 21084
3.25865807655043 21078
3.26300102136947 21094
3.2673439661885 21084
3.27168691100753 21025
3.27602985582656 20969
3.27602985582656 20949
3.2803728006456 20929
3.28471574546463 20948
3.28905869028366 20938
3.29340163510269 20835
3.29340163510269 20835
3.29774457992173 20845
3.30208752474076 20845
3.30643046955979 20843
3.31077341437882 20793
3.31077341437882 20793
3.31511635919786 20774
3.31945930401689 20774
3.32380224883592 20714
3.32814519365495 20664
3.32814519365495 20634
3.33248813847399 20634
3.33683108329302 20634
3.34117402811205 20594
3.34551697293108 20554
3.34551697293108 20492
3.34985991775012 20492
3.35420286256915 20516
3.35854580738818 20516
3.36288875220722 20504
3.36288875220722 20500
3.36723169702625 20380
3.37157464184528 20350
3.37591758666431 20304
3.38026053148334 20294
3.38026053148334 20294
3.38460347630238 20244
3.38894642112141 20234
3.39328936594044 20236
3.39763231075948 20230
3.39763231075948 20230
3.40197525557851 20202
3.40631820039754 20102
3.41066114521657 20097
3.4150040900356 20057
3.4150040900356 20056
3.41934703485464 19996
3.42368997967367 20001
3.4280329244927 20011
3.43237586931174 20011
3.43237586931174 20011
3.43671881413077 20011
3.4410617589498 20011
3.44540470376883 20001
3.44974764858787 19966
3.44974764858787 19974
3.4540905934069 19914
3.45843353822593 19902
3.46277648304496 19784
3.467119427864 19768
3.467119427864 19768
3.47146237268303 19768
3.47580531750206 19781
3.48014826232109 19781
3.48449120714013 19746
3.48449120714013 19720
3.48883415195916 19720
3.49317709677819 19691
3.49752004159722 19682
3.50186298641626 19684
3.50186298641626 19684
3.50620593123529 19684
3.51054887605432 19508
3.51489182087335 19455
3.51923476569239 19445
3.51923476569239 19441
3.52357771051142 19333
3.52792065533045 19277
3.53226360014948 19199
3.53660654496852 19199
3.53660654496852 19216
3.54094948978755 19196
3.54529243460658 19114
3.54963537942561 19104
3.55397832424465 19079
3.55397832424465 19079
3.55832126906368 19079
3.56266421388271 19069
3.56700715870174 19069
3.57135010352078 19069
3.57135010352078 19069
3.57569304833981 19069
3.58003599315884 19079
3.58437893797787 19079
3.58872188279691 19018
3.58872188279691 19018
3.59306482761594 18976
3.59740777243497 18864
3.601750717254 18779
3.60609366207304 18779
3.60609366207304 18739
3.61043660689207 18679
3.6147795517111 18629
3.61912249653013 18582
3.62346544134917 18592
3.62346544134917 18592
3.6278083861682 18560
3.63215133098723 18560
3.63649427580626 18560
3.6408372206253 18500
3.6408372206253 18479
3.64518016544433 18479
3.64952311026336 18469
3.65386605508239 18469
3.65820899990143 18470
3.65820899990143 18470
3.66255194472046 18463
3.66689488953949 18463
3.67123783435852 18459
3.67558077917756 18450
3.67558077917756 18450
3.67992372399659 18450
3.68426666881562 18329
3.68860961363465 18293
3.69295255845369 18293
3.69295255845369 18293
3.69729550327272 18293
3.70163844809175 18287
3.70598139291078 18281
3.71032433772982 18271
3.71032433772982 18271
3.71466728254885 18216
3.71901022736788 18217
3.72335317218691 18207
3.72769611700595 18185
3.72769611700595 18154
3.73203906182498 18105
3.73638200664401 18065
3.74072495146304 18065
3.74506789628208 18065
3.74506789628208 18034
3.74941084110111 18034
3.75375378592014 18034
3.75809673073917 18034
3.76243967555821 18030
3.76243967555821 18030
3.76678262037724 18030
3.77112556519627 18030
3.7754685100153 18012
3.77981145483434 18002
3.77981145483434 18002
3.78415439965337 17966
3.7884973444724 17835
3.79284028929143 17813
3.79718323411047 17803
3.79718323411047 17702
3.8015261789295 17702
3.80586912374853 17686
3.81021206856756 17686
3.8145550133866 17686
3.8145550133866 17686
3.81889795820563 17686
3.82324090302466 17686
3.82758384784369 17686
3.83192679266273 17668
3.83192679266273 17667
3.83626973748176 17667
3.84061268230079 17667
3.84495562711982 17667
3.84929857193886 17634
3.84929857193886 17635
3.85364151675789 17635
3.85798446157692 17595
3.86232740639595 17589
3.86667035121499 17589
3.86667035121499 17589
3.87101329603402 17589
3.87535624085305 17589
3.87969918567208 17579
3.88404213049112 17475
3.88404213049112 17445
3.88838507531015 17445
3.89272802012918 17445
3.89707096494821 17435
3.90141390976725 17444
3.90141390976725 17405
3.90575685458628 17406
3.91009979940531 17406
3.91444274422434 17406
3.91878568904338 17406
3.91878568904338 17387
3.92312863386241 17315
3.92747157868144 17315
3.93181452350047 17315
3.93615746831951 17315
3.93615746831951 17315
3.94050041313854 17295
3.94484335795757 17295
3.9491863027766 17295
3.95352924759564 17238
3.95352924759564 17238
3.95787219241467 17237
3.9622151372337 17231
3.96655808205273 17193
3.97090102687177 17193
3.97090102687177 17183
3.9752439716908 17182
3.97958691650983 17177
3.98392986132887 17177
3.9882728061479 17177
3.9882728061479 17167
3.99261575096693 17141
3.99695869578596 17057
4.00130164060499 17057
4.00564458542403 17050
4.00564458542403 17046
4.00998753024306 16985
4.01433047506209 16976
4.01867341988113 16966
4.02301636470016 16950
4.02301636470016 16950
4.02735930951919 16900
4.03170225433822 16900
4.03604519915725 16900
4.04038814397629 16900
4.04038814397629 16900
4.04473108879532 16900
4.04907403361435 16900
4.05341697843339 16884
4.05775992325242 16875
4.05775992325242 16875
4.06210286807145 16835
4.06644581289048 16804
4.07078875770952 16794
4.07513170252855 16794
4.07513170252855 16794
4.07947464734758 16728
4.08381759216661 16728
4.08816053698565 16728
4.09250348180468 16726
4.09250348180468 16726
4.09684642662371 16712
4.10118937144274 16712
4.10553231626178 16712
4.10987526108081 16646
4.10987526108081 16619
4.11421820589984 16619
4.11856115071887 16619
4.12290409553791 16609
4.12724704035694 16607
4.12724704035694 16565
4.13158998517597 16565
4.135932929995 16546
4.14027587481404 16525
4.14461881963307 16491
4.14461881963307 16471
4.1489617644521 16471
4.15330470927113 16471
4.15764765409017 16447
4.1619905989092 16447
4.1619905989092 16447
4.16633354372823 16447
4.17067648854726 16447
4.1750194333663 16447
4.17936237818533 16447
4.17936237818533 16447
4.18370532300436 16447
4.18804826782339 16391
4.19239121264243 16383
4.19673415746146 16373
4.19673415746146 16354
4.20107710228049 16354
4.20542004709952 16304
4.20976299191856 16304
4.21410593673759 16304
4.21410593673759 16281
4.21844888155662 16271
4.22279182637565 16271
4.22713477119469 16271
4.23147771601372 16271
4.23147771601372 16265
4.23582066083275 16227
4.24016360565178 16227
4.24450655047082 16227
4.24884949528985 16227
4.24884949528985 16225
4.25319244010888 16215
4.25753538492791 16173
4.26187832974695 16173
4.26622127456598 16173
4.26622127456598 16173
4.27056421938501 16170
4.27490716420404 16170
4.27925010902308 16170
4.28359305384211 16138
4.28359305384211 16138
4.28793599866114 16125
4.29227894348017 16099
4.29662188829921 16099
4.30096483311824 16099
4.30096483311824 16099
4.30530777793727 16099
4.3096507227563 16077
4.31399366757534 16077
4.31833661239437 16069
4.31833661239437 16069
4.3226795572134 16069
4.32702250203243 16069
4.33136544685147 16069
4.3357083916705 16069
4.3357083916705 16069
4.34005133648953 16069
4.34439428130856 16069
4.3487372261276 16068
4.35308017094663 16068
4.35308017094663 16068
4.35742311576566 16068
4.36176606058469 16067
4.36610900540373 16060
4.37045195022276 16060
4.37045195022276 16060
4.37479489504179 16060
4.37913783986082 16060
4.38348078467986 16060
4.38782372949889 16060
4.38782372949889 16060
4.39216667431792 16010
4.39650961913695 16005
4.40085256395599 16005
4.40519550877502 16005
4.40519550877502 16005
4.40953845359405 15992
4.41388139841308 15978
4.41822434323212 15978
4.42256728805115 15978
4.42256728805115 15978
4.42691023287018 15978
4.43125317768921 15978
4.43559612250825 15978
4.43993906732728 15978
4.43993906732728 15917
4.44428201214631 15917
4.44862495696534 15917
4.45296790178438 15917
4.45731084660341 15908
4.45731084660341 15908
4.46165379142244 15898
4.46599673624147 15858
4.47033968106051 15858
4.47468262587954 15857
4.47468262587954 15838
4.47902557069857 15838
4.48336851551761 15838
4.48771146033664 15838
4.49205440515567 15838
4.49205440515567 15838
4.4963973499747 15838
4.50074029479373 15820
4.50508323961277 15820
4.5094261844318 15820
4.5094261844318 15820
4.51376912925083 15820
4.51811207406987 15820
4.5224550188889 15820
4.52679796370793 15820
4.52679796370793 15789
4.53114090852696 15784
4.53548385334599 15760
4.53982679816503 15760
4.54416974298406 15684
4.54416974298406 15684
4.54851268780309 15661
4.55285563262212 15465
4.55719857744116 15465
4.56154152226019 15464
4.56154152226019 15464
4.56588446707922 15464
4.57022741189826 15464
4.57457035671729 15464
4.57891330153632 15464
4.57891330153632 15464
4.58325624635535 15464
4.58759919117439 15464
4.59194213599342 15450
4.59628508081245 15418
4.59628508081245 15418
4.60062802563148 15408
4.60497097045052 15408
4.60931391526955 15408
4.61365686008858 15398
4.61365686008858 15398
4.61799980490761 15398
4.62234274972664 15398
4.62668569454568 15398
4.63102863936471 15398
4.63102863936471 15392
4.63537158418374 15392
4.63971452900278 15392
4.64405747382181 15392
4.64840041864084 15392
4.64840041864084 15392
4.65274336345987 15372
4.65708630827891 15372
4.66142925309794 15372
4.66577219791697 15321
4.66577219791697 15312
4.670115142736 15302
4.67445808755504 15302
4.67880103237407 15289
4.6831439771931 15289
4.6831439771931 15289
4.68748692201213 15270
4.69182986683117 15270
4.6961728116502 15270
4.70051575646923 15270
4.70051575646923 15243
4.70485870128826 15243
4.7092016461073 15242
4.71354459092633 15242
4.71788753574536 15232
4.71788753574536 15192
4.72223048056439 15123
4.72657342538343 15119
4.73091637020246 15081
4.73525931502149 15081
4.73525931502149 15081
4.73960225984052 15081
4.74394520465956 15081
4.74828814947859 15068
4.75263109429762 15068
4.75263109429762 15064
4.75697403911665 15046
4.76131698393569 14853
4.76565992875472 14853
4.77000287357375 14839
4.77000287357375 14839
4.77434581839278 14839
4.77868876321182 14829
4.78303170803085 14829
4.78737465284988 14816
4.78737465284988 14793
4.79171759766891 14793
4.79606054248795 14792
4.80040348730698 14783
4.80474643212601 14783
4.80474643212601 14783
4.80908937694504 14743
4.81343232176408 14743
4.81777526658311 14743
4.82211821140214 14733
4.82211821140214 14733
4.82646115622117 14733
4.83080410104021 14733
4.83514704585924 14687
4.83948999067827 14687
4.83948999067827 14677
4.8438329354973 14677
4.84817588031634 14644
4.85251882513537 14634
4.8568617699544 14634
4.8568617699544 14634
4.86120471477343 14634
4.86554765959247 14633
4.8698906044115 14623
4.87423354923053 14593
4.87423354923053 14589
4.87857649404956 14589
4.8829194388686 14589
4.88726238368763 14589
4.89160532850666 14589
4.89160532850666 14589
4.89594827332569 14589
4.90029121814473 14589
4.90463416296376 14544
4.90897710778279 14544
4.90897710778279 14541
4.91332005260182 14541
4.91766299742086 14539
4.92200594223989 14539
4.92634888705892 14539
4.92634888705892 14539
4.93069183187795 14539
4.93503477669699 14426
4.93937772151602 14426
4.94372066633505 14426
4.94372066633505 14426
4.94806361115408 14426
4.95240655597312 14426
4.95674950079215 14426
4.96109244561118 14426
4.96109244561118 14409
4.96543539043021 14409
4.96977833524925 14409
4.97412128006828 14409
4.97846422488731 14409
4.97846422488731 14409
4.98280716970634 14409
4.98715011452538 14409
4.99149305934441 14399
4.99583600416344 14391
4.99583600416344 14391
5.00017894898247 14380
5.00452189380151 14380
5.00886483862054 14358
5.01320778343957 14349
5.01320778343957 14349
5.0175507282586 14335
5.02189367307764 14335
5.02623661789667 14335
5.0305795627157 14335
5.0305795627157 14335
5.03492250753473 14335
5.03926545235377 14332
5.0436083971728 14332
5.04795134199183 14304
5.04795134199183 14304
5.05229428681086 14304
5.0566372316299 14297
5.06098017644893 14296
5.06532312126796 14296
5.06532312126796 14296
5.06966606608699 14296
5.07400901090603 14296
5.07835195572506 14296
5.08269490054409 14296
5.08269490054409 14296
5.08703784536312 14296
5.09138079018216 14296
5.09572373500119 14286
5.10006667982022 14286
5.10006667982022 14276
5.10440962463925 14276
5.10875256945829 14256
5.11309551427732 14256
5.11743845909635 14220
5.11743845909635 14220
5.12178140391538 14220
5.12612434873442 14210
5.13046729355345 14200
5.13481023837248 14199
5.13481023837248 14159
5.13915318319151 14159
5.14349612801055 14159
5.14783907282958 14159
5.15218201764861 14159
5.15218201764861 14136
5.15652496246764 14136
5.16086790728668 14136
5.16521085210571 14136
5.16955379692474 14136
5.16955379692474 14136
5.17389674174377 14101
5.17823968656281 14044
5.18258263138184 14044
5.18692557620087 14044
5.18692557620087 14036
5.1912685210199 14036
5.19561146583894 14001
5.19995441065797 14001
5.204297355477 14001
5.204297355477 13991
5.20864030029604 13991
5.21298324511507 13981
5.2173261899341 13981
5.22166913475313 13979
5.22166913475313 13978
5.22601207957216 13978
5.2303550243912 13978
5.23469796921023 13978
5.23904091402926 13978
5.23904091402926 13931
5.2433838588483 13931
5.24772680366733 13931
5.25206974848636 13931
5.25641269330539 13931
5.25641269330539 13931
5.26075563812442 13881
5.26509858294346 13847
5.26944152776249 13847
5.27378447258152 13823
5.27378447258152 13823
5.27812741740056 13823
5.28247036221959 13823
5.28681330703862 13823
5.29115625185765 13803
5.29115625185765 13803
5.29549919667669 13803
5.29984214149572 13793
5.30418508631475 13793
5.30852803113378 13793
5.30852803113378 13792
5.31287097595281 13792
5.31721392077185 13792
5.32155686559088 13782
5.32589981040991 13772
5.32589981040991 13772
5.33024275522895 13769
5.33458570004798 13769
5.33892864486701 13769
5.34327158968604 13769
5.34327158968604 13769
5.34761453450508 13769
5.35195747932411 13769
5.35630042414314 13769
5.36064336896217 13769
5.36064336896217 13769
5.36498631378121 13769
5.36932925860024 13769
5.37367220341927 13769
5.3780151482383 13769
5.3780151482383 13769
5.38235809305734 13759
5.38670103787637 13758
5.3910439826954 13758
5.39538692751443 13758
5.39538692751443 13748
5.39972987233347 13748
5.4040728171525 13734
5.40841576197153 13734
5.41275870679056 13734
5.41275870679056 13734
5.4171016516096 13734
5.42144459642863 13734
5.42578754124766 13734
5.43013048606669 13731
5.43013048606669 13731
5.43447343088573 13731
5.43881637570476 13721
5.44315932052379 13721
5.44750226534282 13721
5.44750226534282 13721
5.45184521016186 13716
5.45618815498089 13716
5.46053109979992 13716
5.46487404461895 13708
5.46487404461895 13674
5.46921698943799 13674
5.47355993425702 13674
5.47790287907605 13674
5.48224582389508 13668
5.48224582389508 13668
5.48658876871412 13668
5.49093171353315 13668
5.49527465835218 13668
5.49961760317121 13664
5.49961760317121 13614
5.50396054799025 13614
5.50830349280928 13614
5.51264643762831 13614
5.51698938244734 13614
5.51698938244734 13612
5.52133232726638 13569
5.52567527208541 13569
5.53001821690444 13569
5.53436116172347 13569
5.53436116172347 13569
5.53870410654251 13548
5.54304705136154 13548
5.54738999618057 13548
5.5517329409996 13548
5.5517329409996 13548
5.55607588581864 13538
5.56041883063767 13518
5.5647617754567 13518
5.56910472027573 13517
5.56910472027573 13506
5.57344766509477 13506
5.5777906099138 13506
5.58213355473283 13463
5.58647649955187 13463
5.58647649955187 13447
5.5908194443709 13447
5.59516238918993 13447
5.59950533400896 13447
5.60384827882799 13447
5.60384827882799 13447
5.60819122364703 13447
5.61253416846606 13447
5.61687711328509 13447
5.62122005810412 13437
5.62122005810412 13427
5.62556300292316 13427
5.62990594774219 13427
5.63424889256122 13426
5.63859183738025 13426
5.63859183738025 13426
5.64293478219929 13426
5.64727772701832 13426
5.65162067183735 13426
5.65596361665639 13426
5.65596361665639 13426
5.66030656147542 13426
5.66464950629445 13416
5.66899245111348 13416
5.67333539593252 13407
5.67333539593252 13407
5.67767834075155 13407
5.68202128557058 13394
5.68636423038961 13394
5.69070717520864 13394
5.69070717520864 13394
5.69505012002768 13394
5.69939306484671 13394
5.70373600966574 13375
5.70807895448477 13335
5.70807895448477 13335
5.71242189930381 13325
5.71676484412284 13325
5.72110778894187 13325
5.72545073376091 13316
5.72545073376091 13316
5.72979367857994 13316
5.73413662339897 13316
5.738479568218 13316
5.74282251303704 13316
5.74282251303704 13306
5.74716545785607 13306
5.7515084026751 13289
5.75585134749413 13289
5.76019429231317 13289
5.76019429231317 13285
5.7645372371322 13285
5.76888018195123 13285
5.77322312677026 13285
5.77756607158929 13285
5.77756607158929 13282
5.78190901640833 13282
5.78625196122736 13282
5.79059490604639 13282
5.79493785086543 13282
5.79493785086543 13282
5.79928079568446 13282
5.80362374050349 13282
5.80796668532252 13246
5.81230963014156 13224
5.81230963014156 13224
5.81665257496059 13196
5.82099551977962 13196
5.82533846459865 13154
5.82968140941769 13126
5.82968140941769 13126
5.83402435423672 13126
5.83836729905575 13126
5.84271024387478 13126
5.84705318869382 13126
5.84705318869382 13126
5.85139613351285 13126
5.85573907833188 13126
5.86008202315091 13126
5.86442496796994 13126
5.86442496796994 13114
5.86876791278898 13114
5.87311085760801 13114
5.87745380242704 13114
5.88179674724608 13114
5.88179674724608 13104
5.88613969206511 13104
5.89048263688414 13104
5.89482558170317 13094
5.89916852652221 13094
5.89916852652221 13094
5.90351147134124 13094
5.90785441616027 13094
5.9121973609793 13094
5.91654030579834 13094
5.91654030579834 13094
5.92088325061737 13094
5.9252261954364 13094
5.92956914025543 13094
5.93391208507447 13094
5.93391208507447 13094
5.9382550298935 13035
5.94259797471253 13026
5.94694091953156 13026
5.9512838643506 13026
5.9512838643506 13026
5.95562680916963 13026
5.95996975398866 13026
5.96431269880769 13026
5.96865564362673 13026
5.96865564362673 13026
5.97299858844576 13026
5.97734153326479 13017
5.98168447808382 13017
5.98602742290286 13017
5.98602742290286 13017
5.99037036772189 13017
5.99471331254092 13017
5.99905625735995 13017
6.00339920217899 13017
6.00339920217899 12966
6.00774214699802 12966
6.01208509181705 12966
6.01642803663608 12966
6.02077098145512 12966
6.02077098145512 12966
6.02511392627415 12956
6.02945687109318 12956
6.03379981591221 12956
6.03814276073125 12956
6.03814276073125 12956
6.04248570555028 12956
6.04682865036931 12956
6.05117159518834 12952
6.05551454000738 12952
6.05551454000738 12952
6.05985748482641 12952
6.06420042964544 12952
6.06854337446447 12952
6.07288631928351 12952
6.07288631928351 12939
6.07722926410254 12939
6.08157220892157 12917
6.0859151537406 12917
6.09025809855964 12917
6.09025809855964 12912
6.09460104337867 12907
6.0989439881977 12907
6.10328693301673 12907
6.10762987783577 12907
6.10762987783577 12907
6.1119728226548 12897
6.11631576747383 12897
6.12065871229286 12849
6.1250016571119 12817
6.1250016571119 12816
6.12934460193093 12816
6.13368754674996 12816
6.13803049156899 12816
6.14237343638803 12789
6.14237343638803 12789
6.14671638120706 12789
6.15105932602609 12783
6.15540227084512 12783
6.15974521566416 12783
6.15974521566416 12781
6.16408816048319 12781
6.16843110530222 12781
6.17277405012125 12781
6.17711699494029 12781
6.17711699494029 12781
6.18145993975932 12743
6.18580288457835 12743
6.19014582939738 12743
6.19448877421642 12743
6.19448877421642 12743
6.19883171903545 12743
6.20317466385448 12743
6.20751760867351 12743
6.21186055349255 12743
6.21186055349255 12743
6.21620349831158 12743
6.22054644313061 12743
6.22488938794964 12735
6.22923233276868 12735
6.22923233276868 12735
6.23357527758771 12735
6.23791822240674 12735
6.24226116722577 12735
6.24660411204481 12735
6.24660411204481 12714
6.25094705686384 12714
6.25529000168287 12714
6.2596329465019 12714
6.26397589132094 12714
6.26397589132094 12714
6.26831883613997 12714
6.272661780959 12714
6.27700472577803 12714
6.28134767059707 12714
6.28134767059707 12714
6.2856906154161 12714
6.29003356023513 12714
6.29437650505416 12702
6.2987194498732 12702
6.2987194498732 12702
6.30306239469223 12702
6.30740533951126 12702
6.31174828433029 12702
6.31609122914933 12702
6.31609122914933 12702
6.32043417396836 12702
6.32477711878739 12702
6.32912006360642 12689
6.33346300842546 12689
6.33346300842546 12689
6.33780595324449 12679
6.34214889806352 12679
6.34649184288256 12679
6.35083478770159 12679
6.35083478770159 12679
6.35517773252062 12678
6.35952067733965 12678
6.36386362215868 12655
6.36820656697772 12650
6.36820656697772 12650
6.37254951179675 12650
6.37689245661578 12650
6.38123540143481 12650
6.38557834625385 12650
6.38557834625385 12650
6.38992129107288 12650
6.39426423589191 12650
6.39860718071094 12650
6.40295012552998 12650
6.40295012552998 12641
6.40729307034901 12641
6.41163601516804 12641
6.41597895998708 12641
6.42032190480611 12641
6.42032190480611 12615
6.42466484962514 12615
6.42900779444417 12615
6.43335073926321 12602
6.43769368408224 12594
6.43769368408224 12594
6.44203662890127 12594
6.4463795737203 12594
6.45072251853933 12594
6.45506546335837 12552
6.45506546335837 12549
6.4594084081774 12539
6.46375135299643 12534
6.46809429781546 12534
6.4724372426345 12534
6.4724372426345 12534
6.47678018745353 12534
6.48112313227256 12532
6.4854660770916 12532
6.48980902191063 12532
6.48980902191063 12532
6.49415196672966 12532
6.49849491154869 12532
6.50283785636773 12532
6.50718080118676 12532
6.50718080118676 12532
6.51152374600579 12518
6.51586669082482 12518
6.52020963564386 12513
6.52455258046289 12513
6.52455258046289 12508
6.52889552528192 12508
6.53323847010095 12508
6.53758141491998 12508
6.54192435973902 12508
6.54192435973902 12508
6.54626730455805 12508
6.55061024937708 12506
6.55495319419612 12501
6.55929613901515 12501
6.55929613901515 12501
6.56363908383418 12501
6.56798202865321 12501
6.57232497347225 12501
6.57666791829128 12501
6.57666791829128 12459
6.58101086311031 12459
6.58535380792934 12437
6.58969675274838 12437
6.59403969756741 12437
6.59403969756741 12437
6.59838264238644 12434
6.60272558720547 12434
6.60706853202451 12434
6.61141147684354 12434
6.61141147684354 12424
6.61575442166257 12424
6.6200973664816 12424
6.62444031130063 12424
6.62878325611967 12424
6.62878325611967 12424
6.6331262009387 12424
6.63746914575773 12424
6.64181209057677 12424
6.6461550353958 12424
6.6461550353958 12421
6.65049798021483 12421
6.65484092503386 12418
6.6591838698529 12418
6.66352681467193 12418
6.66352681467193 12418
6.66786975949096 12418
6.67221270430999 12418
6.67655564912903 12418
6.68089859394806 12418
6.68089859394806 12418
6.68524153876709 12418
6.68958448358612 12418
6.69392742840516 12418
6.69827037322419 12418
6.69827037322419 12418
6.70261331804322 12418
6.70695626286225 12418
6.71129920768129 12418
6.71564215250032 12418
6.71564215250032 12418
6.71998509731935 12418
6.72432804213838 12418
6.72867098695742 12418
6.73301393177645 12418
6.73301393177645 12418
6.73735687659548 12418
6.74169982141451 12404
6.74604276623355 12400
6.75038571105258 12390
6.75038571105258 12390
6.75472865587161 12390
6.75907160069064 12390
6.76341454550968 12390
6.76775749032871 12390
6.76775749032871 12390
6.77210043514774 12390
6.77644337996677 12390
6.78078632478581 12390
6.78512926960484 12390
6.78512926960484 12390
6.78947221442387 12385
6.7938151592429 12385
6.79815810406194 12385
6.80250104888097 12385
6.80250104888097 12368
6.8068439937 12368
6.81118693851904 12368
6.81552988333807 12368
6.8198728281571 12368
6.8198728281571 12368
6.82421577297613 12361
6.82855871779516 12361
6.8329016626142 12361
6.83724460743323 12291
6.83724460743323 12291
6.84158755225226 12291
6.84593049707129 12290
6.85027344189033 12290
6.85461638670936 12290
6.85461638670936 12290
6.85895933152839 12290
6.86330227634742 12282
6.86764522116646 12282
6.87198816598549 12274
6.87198816598549 12274
6.87633111080452 12274
6.88067405562356 12274
6.88501700044259 12274
6.88935994526162 12274
6.88935994526162 12274
6.89370289008065 12274
6.89804583489969 12274
6.90238877971872 12274
6.90673172453775 12264
6.90673172453775 12264
6.91107466935678 12264
6.91541761417581 12264
6.91976055899485 12264
6.92410350381388 12264
6.92410350381388 12264
6.92844644863291 12264
6.93278939345194 12264
6.93713233827098 12264
6.94147528309001 12264
6.94147528309001 12264
6.94581822790904 12264
6.95016117272807 12264
6.95450411754711 12264
6.95884706236614 12242
6.95884706236614 12242
6.96319000718517 12242
6.96753295200421 12242
6.97187589682324 12242
6.97621884164227 12242
6.97621884164227 12232
6.9805617864613 12232
6.98490473128034 12232
6.98924767609937 12225
6.9935906209184 12215
6.9935906209184 12198
6.99793356573743 12195
7.00227651055646 12188
7.0066194553755 12188
7.01096240019453 12188
7.01096240019453 12188
7.01530534501356 12188
7.01964828983259 12188
7.02399123465163 12187
7.02833417947066 12182
7.02833417947066 12182
7.03267712428969 12182
7.03702006910873 12182
7.04136301392776 12182
7.04570595874679 12182
7.04570595874679 12182
7.05004890356582 12182
7.05439184838486 12182
7.05873479320389 12182
7.06307773802292 12177
7.06307773802292 12177
7.06742068284195 12177
7.07176362766099 12163
7.07610657248002 12163
7.08044951729905 12163
7.08044951729905 12163
7.08479246211808 12155
7.08913540693711 12151
7.09347835175615 12151
7.09782129657518 12151
7.09782129657518 12151
7.10216424139421 12151
7.10650718621325 12151
7.11085013103228 12151
7.11519307585131 12151
7.11519307585131 12129
7.11953602067034 12101
7.12387896548938 12101
7.12822191030841 12101
7.13256485512744 12101
7.13256485512744 12100
7.13690779994647 12100
7.14125074476551 12100
7.14559368958454 12100
7.14993663440357 12100
7.14993663440357 12100
7.1542795792226 12090
7.15862252404164 12090
7.16296546886067 12090
7.1673084136797 12018
7.1673084136797 12018
7.17165135849873 12009
7.17599430331777 12007
7.1803372481368 12007
7.18468019295583 12007
7.18468019295583 12007
7.18902313777486 11992
7.1933660825939 11992
7.19770902741293 11992
7.20205197223196 11992
7.20205197223196 11991
7.20639491705099 11991
7.21073786187003 11991
7.21508080668906 11991
7.21942375150809 11991
7.21942375150809 11991
7.22376669632712 11991
7.22810964114616 11991
7.23245258596519 11991
7.23679553078422 11991
7.23679553078422 11991
7.24113847560325 11991
7.24548142042229 11991
7.24982436524132 11991
7.25416731006035 11991
7.25416731006035 11991
7.25851025487938 11991
7.26285319969842 11991
7.26719614451745 11991
7.27153908933648 11991
7.27153908933648 11874
7.27588203415551 11874
7.28022497897455 11874
7.28456792379358 11874
7.28891086861261 11858
7.28891086861261 11858
7.29325381343164 11848
7.29759675825068 11848
7.30193970306971 11842
7.30628264788874 11842
7.30628264788874 11842
7.31062559270777 11842
7.31496853752681 11842
7.31931148234584 11835
7.32365442716487 11835
7.32365442716487 11835
7.3279973719839 11835
7.33234031680294 11827
7.33668326162197 11827
7.341026206441 11827
7.341026206441 11827
7.34536915126003 11827
7.34971209607907 11827
7.3540550408981 11827
7.35839798571713 11827
7.35839798571713 11827
7.36274093053616 11827
7.3670838753552 11827
7.37142682017423 11827
7.37576976499326 11827
7.37576976499326 11827
7.38011270981229 11827
7.38445565463133 11805
7.38879859945036 11805
7.39314154426939 11805
7.39314154426939 11805
7.39748448908842 11778
7.40182743390746 11778
7.40617037872649 11778
7.41051332354552 11778
7.41051332354552 11778
7.41485626836455 11777
7.41919921318359 11777
7.42354215800262 11777
7.42788510282165 11777
7.42788510282165 11777
7.43222804764068 11777
7.43657099245972 11777
7.44091393727875 11764
7.44525688209778 11753
7.44525688209778 11717
7.44959982691681 11717
7.45394277173585 11717
7.45828571655488 11717
7.46262866137391 11713
7.46262866137391 11713
7.46697160619294 11713
7.47131455101198 11713
7.47565749583101 11713
7.48000044065004 11713
7.48000044065004 11713
7.48434338546907 11713
7.48868633028811 11713
7.49302927510714 11697
7.49737221992617 11697
7.49737221992617 11697
7.5017151647452 11697
7.50605810956424 11697
7.51040105438327 11697
7.5147439992023 11697
7.5147439992023 11697
7.51908694402133 11697
7.52342988884037 11697
7.5277728336594 11697
7.53211577847843 11681
7.53211577847843 11681
7.53645872329746 11674
7.5408016681165 11674
7.54514461293553 11674
7.54948755775456 11629
7.54948755775456 11629
7.55383050257359 11629
7.55817344739263 11629
7.56251639221166 11629
7.56685933703069 11629
7.56685933703069 11629
7.57120228184973 11629
7.57554522666876 11629
7.57988817148779 11629
7.58423111630682 11629
7.58423111630682 11618
7.58857406112586 11618
7.59291700594489 11618
7.59725995076392 11618
7.60160289558295 11618
7.60160289558295 11618
7.60594584040198 11618
7.61028878522102 11618
7.61463173004005 11618
7.61897467485908 11618
7.61897467485908 11618
7.62331761967811 11618
7.62766056449715 11617
7.63200350931618 11617
7.63634645413521 11617
7.63634645413521 11617
7.64068939895425 11606
7.64503234377328 11606
7.64937528859231 11606
7.65371823341134 11606
7.65371823341134 11596
7.65806117823038 11596
7.66240412304941 11596
7.66674706786844 11595
7.67109001268747 11595
7.67109001268747 11595
7.67543295750651 11595
7.67977590232554 11595
7.68411884714457 11595
7.6884617919636 11595
7.6884617919636 11594
7.69280473678263 11594
7.69714768160167 11594
7.7014906264207 11594
7.70583357123973 11589
7.70583357123973 11589
7.71017651605876 11589
7.7145194608778 11589
7.71886240569683 11589
7.72320535051586 11589
7.72320535051586 11589
7.7275482953349 11539
7.73189124015393 11539
7.73623418497296 11518
7.74057712979199 11518
7.74057712979199 11518
7.74492007461103 11518
7.74926301943006 11518
7.75360596424909 11509
7.75794890906812 11509
7.75794890906812 11509
7.76229185388716 11509
7.76663479870619 11509
7.77097774352522 11509
7.77532068834425 11509
7.77532068834425 11509
7.77966363316328 11509
7.78400657798232 11509
7.78834952280135 11509
7.79269246762038 11509
7.79269246762038 11509
7.79703541243942 11509
7.80137835725845 11509
7.80572130207748 11509
7.81006424689651 11509
7.81006424689651 11509
7.81440719171555 11509
